10001
154933
174595
163846
183397
176383
182079
169162
173559
181490
159915
168691
179566
181496
174234
172382
185539
165746
186109
165639
187030
177623
155514
178380
184535
157854
155070
160884
166855
178783
162835
167151
154911
169525
170037
183263
163726
181606
174689
167000
185961
163910
172720
160484
185759
165464
176291
157387
173547
164279
174335
176273
186701
178612
163291
156095
181178
186561
163063
158183
183315
182670
182351
163042
182612
159601
179440
175708
180238
179723
179211
157331
168983
160809
166472
169051
164479
163304
178524
180326
161735
180765
184286
157122
169550
155379
172886
177059
164108
170454
170136
171107
179842
165520
179792
185799
182257
174514
161245
175748
170187
170550
171619
154881
184935
157282
161307
174943
182264
180208
173550
173239
165568
177003
174915
173986
175745
159452
168981
164351
175669
187302
180552
162288
178430
167855
172861
157734
165728
186816
173220
182111
178350
159023
178065
154924
157890
159931
178386
155640
183793
160951
171393
179782
160575
169067
171733
158522
156366
181943
186429
185435
185501
172537
166832
156823
177519
169777
163902
178312
170504
157795
175852
157685
160415
155197
176574
166044
168593
164090
174357
183854
155731
186502
166715
158620
180650
161763
168509
170385
170014
186315
179193
157247
156076
181399
168055
176735
184763
156511
172669
163699
161361
168547
163421
160591
179591
174249
162578
177367
159546
186600
172427
165386
159492
179109
171591
180032
186986
181404
160034
167855
186199
173921
184175
173876
173770
159559
158790
175441
184267
183937
170783
174450
161443
157831
164000
180340
177228
170940
181684
158567
164391
167501
164061
166803
167405
164444
182731
163770
166376
177502
174893
171677
183651
184001
157383
178881
186719
172498
180165
168819
169351
181983
180047
186122
186726
184216
173917
170604
169432
170683
165837
158164
176830
166641
174515
186066
161014
173299
181488
173971
163979
186608
177158
166754
183080
162611
170538
161903
168659
176129
176027
169679
175319
184000
174131
154821
180482
163935
157755
180288
181521
171249
162692
172452
183401
167067
164531
185293
163848
176049
166621
157010
185018
168476
164692
167686
181648
159231
181696
158661
184462
180634
156785
154989
181156
162926
176883
181034
177120
165793
179427
156919
182497
175525
171778
178273
163471
173333
161416
156302
175881
180959
187067
170879
162015
169896
169151
186002
185730
162924
166320
185419
160760
184933
166638
164179
175060
162351
164024
181953
171110
181801
172797
176025
183343
158750
177262
165778
187543
178725
160728
186141
173539
168645
178097
155810
184161
160861
157681
164621
178149
167875
182819
173449
180857
176684
185275
168075
187217
165452
161450
186387
182525
159934
171056
178991
171490
166821
180721
171200
155115
165268
159052
162176
175228
157611
157928
163652
169640
165635
163983
174463
183715
173389
175936
165640
157050
165045
160639
167197
158721
160525
179696
170919
158733
167975
175652
169663
176356
185218
168371
178546
155122
169257
186763
165313
175806
171481
162183
161260
160540
164450
157252
185073
170915
183887
173360
185423
158305
180681
172771
158991
170958
173753
181171
158213
171007
164141
156290
181588
171036
171773
176603
185136
171028
182958
176958
175080
179343
173462
178359
161571
159013
159041
173237
162921
182989
176148
187418
171238
180888
177456
171663
170603
183455
170906
178458
184246
185145
160920
182002
179699
170610
154974
160914
168835
179129
187369
162060
167931
166361
164652
178592
158064
160043
172650
183181
169714
174089
164835
182311
173142
181125
163506
173866
160569
164955
155638
168782
167233
159781
159536
159003
158630
166606
168428
159743
186353
181321
184996
175518
182788
159363
184033
185193
157531
184214
184483
159346
165777
173119
169731
172414
156198
173714
168471
164188
182655
158956
169494
166774
169774
177450
182716
158374
175476
159768
185328
163403
176644
172332
167077
186267
157194
157301
177406
172347
180076
179406
162485
173325
173904
185431
182973
156745
164318
166182
177958
161231
156487
185401
160834
171707
169478
182447
176390
186682
185958
160056
183986
179613
157508
172491
179125
164268
156694
168343
161226
164413
160812
184635
161640
166661
181046
160057
169049
184493
156423
158888
166312
184616
162456
175146
181441
167493
157264
177438
173524
185984
175490
186647
180602
167966
160056
162188
157083
178809
178223
177105
157071
170392
179234
166213
160131
180226
171083
186318
163103
158420
170280
177794
162150
156690
179579
166567
157149
155451
170132
157918
163055
164896
159186
169627
163728
170997
163176
180184
156705
169129
182877
177419
158867
183923
164311
181589
157648
157614
157592
166140
172630
162534
158665
176155
182821
164659
183798
174488
182748
187077
160091
177751
155423
165825
181854
179373
159803
183116
159068
159768
156941
173796
161448
172333
165664
183287
156625
182737
175381
174510
183844
174508
177480
167178
185970
165595
168880
165683
180756
157413
161543
167437
157995
185329
182571
166667
186924
164406
167621
183368
186013
158130
158248
166868
167193
174111
181628
164171
177306
180003
157723
176557
158968
164551
162619
160105
166060
183338
180686
183483
173018
181367
165798
182840
175247
187412
166877
179112
180295
180764
158324
168211
164530
159760
182586
156191
184759
171465
183279
172441
162490
176561
168874
175953
185626
164147
183672
179243
157182
161136
169030
177267
160082
157748
174593
173169
171020
183592
183291
183101
164788
162633
173713
184277
159523
174744
175115
183405
162955
162323
185027
173062
159927
168421
163466
185922
166804
177626
170311
181623
165361
187413
171745
172802
171139
171013
172127
161246
183340
166293
164430
159605
172924
184483
162403
164533
183673
173236
168034
160103
178587
186598
173630
181180
165147
177190
183170
155177
166254
185762
155631
174453
177164
179585
182631
164113
166773
183762
180490
187303
165238
186307
162718
156149
168616
166164
176436
157660
164667
183755
182280
162740
174321
162344
173738
163811
186989
184539
160091
164526
179118
178549
177850
182351
159703
178973
184224
179015
170033
167812
161352
177909
181362
156187
186547
155752
178240
167811
174666
164210
174577
162116
161990
170493
155285
180675
182349
170914
182070
164974
178909
164728
164702
155194
181998
181802
158938
186959
180563
180813
168126
169729
179810
175344
178601
177923
167508
175220
159562
160471
186607
169374
167715
155273
171106
163562
156301
178077
168816
171554
185853
184134
181968
173104
177541
156889
183764
166705
168606
164992
164426
166602
177956
179763
175008
173759
182690
182500
157003
166849
165584
157178
181352
175752
177242
170241
164004
155938
176355
165792
173146
184971
181578
169419
165884
175229
170796
168505
171188
181129
162986
165657
182859
167271
180588
164609
156745
184715
167141
159271
162398
182264
180697
180179
165888
170585
184093
174100
182102
162638
178591
164275
174933
182276
165798
172133
181545
157704
160090
184132
170198
155485
162438
168832
173343
181964
186781
165714
172711
171643
184315
155954
179798
175809
186222
162634
185086
158521
182517
159530
157246
166933
155847
170429
158887
184757
181143
170876
170270
173689
157975
174305
179073
168659
167867
179999
160398
178080
171455
168208
177408
180920
168811
180335
161274
168387
160406
177991
157865
161615
180073
177579
173862
185888
163429
157608
180377
165575
185255
169848
160420
179063
173931
184312
168447
185875
160720
164701
157279
156811
171995
166434
163229
178025
166845
167492
178708
181927
176729
177842
172107
186564
164865
173823
174036
172055
155264
173915
168819
180834
181854
166081
169091
163498
181599
170354
179606
156998
168525
179617
165980
185911
157175
163952
160454
178615
172410
176411
161642
173844
174527
155763
156970
159167
171077
184975
186896
177312
180513
178366
157053
172973
155203
182207
169347
183227
184314
163381
160655
180372
166587
175957
177227
170313
158238
173538
171714
182986
160041
160603
159430
168115
155601
180083
177806
186473
180670
175041
164772
156262
186959
171961
183039
167377
168414
168155
155755
164434
182341
170794
163122
175140
176288
163296
170485
179820
170581
184416
171995
176073
183122
164716
177390
156972
184214
164504
174017
163562
156147
166398
179798
162831
184850
164916
158784
174070
166839
164987
177157
165398
172870
176441
178118
176159
166791
176810
179490
186950
186534
162258
174167
160220
177278
160694
176810
166438
157718
163019
155658
166761
171628
174255
161776
186436
181362
176663
165257
154946
174679
173833
172823
179888
182791
173387
169109
170156
186101
178971
161177
165247
162584
180256
163455
155181
156979
178849
173252
158026
167002
173301
170672
158734
183474
173882
160312
184748
180600
170314
157474
154848
163909
155883
169066
169927
170384
163910
170213
161268
164468
157851
159524
154816
183219
156978
162971
165345
182780
176789
171010
159807
168809
169468
173820
185091
161356
166153
180983
182000
183595
183733
161107
170486
185353
163467
180934
164100
156391
159508
155135
171039
176523
159890
174473
164017
166016
184048
168179
179747
164702
170490
163118
168109
182348
167626
157750
177773
186562
177538
185332
170679
155540
165697
174180
183213
172076
176207
179443
159247
158486
180891
168235
172884
179139
158824
161937
169465
156550
165699
179662
172057
157155
168760
164110
180286
158217
160325
185766
184439
157085
161807
156409
177066
156857
172500
167068
159020
168757
166561
157112
185999
158501
159685
160688
157627
175266
186757
164868
181568
164558
179217
170358
166123
162322
173239
177259
161944
175018
182103
162451
171846
180836
163863
164300
162929
179364
171351
180804
179612
167852
165352
160734
177709
167962
167800
187096
166269
181170
170321
182186
178992
163934
180036
183857
170434
162931
178399
161804
178019
177206
178407
161351
156933
182431
155906
169526
156595
179037
171443
163236
180260
175129
163467
160302
167056
162559
155294
176105
158914
160891
160053
168779
174191
158272
165570
170568
178118
155023
171545
164027
163400
171702
169436
162824
174042
165335
168503
186879
187416
174314
158414
165636
179181
176901
177396
180077
154976
180443
179742
159788
178609
157316
166551
166574
180645
180860
175221
184323
166942
180717
165579
186174
185070
162353
184608
185119
176621
179090
159520
187119
187466
180565
159890
178860
179230
172792
183690
167526
176199
158391
176864
175337
187507
161109
160480
173468
180091
163608
159299
185769
164851
164374
166239
186462
179967
182703
164250
186068
168295
155483
177956
162510
155374
177318
179942
166115
167904
175736
184501
157152
168171
161178
157132
166760
165167
176246
170873
176093
155288
166430
175638
173444
184428
174736
172091
177379
184352
164921
156210
161390
170096
170679
167339
159587
156335
173795
166321
161267
182875
179215
174813
172194
167668
184972
173002
181488
174094
187248
186824
182585
155558
180629
160213
183770
157362
162789
174537
160149
169979
169173
184784
177463
154927
183088
162333
180855
158258
176150
174301
170530
180918
157252
175210
159093
179723
157334
155074
173770
163128
159177
157495
157048
165706
161670
156520
159988
163820
158364
157807
157500
175160
187022
185180
174709
178637
164429
157667
184786
162850
187462
170065
172473
168986
162719
166340
184097
177624
166590
174236
168511
164052
168716
155949
183393
171566
160248
184502
181530
170307
171838
164503
180895
173695
174185
167358
164209
183410
165270
173667
184124
172837
174972
161781
183551
171438
163497
187220
171118
168450
166926
179520
162965
160523
174782
182546
170429
159994
158451
175017
169107
160735
161362
164520
164999
173174
181616
183263
162163
161604
183956
157958
180349
159203
168383
166833
159806
164507
173545
171392
163876
160306
174990
161942
159508
186372
182377
164941
179540
184406
168064
166440
179625
169191
163936
186122
164284
182216
158890
162981
157122
155758
166606
182068
163676
159494
161559
179053
160700
174600
187368
176305
162058
162319
171589
187271
165638
161768
177044
187464
162542
168168
165029
173596
176802
181635
164337
184868
156422
177691
183583
176889
175528
160278
170957
179286
178595
179507
178060
168721
185283
179998
180012
186704
186857
184642
167227
166649
161201
155358
157640
163434
158291
166747
154988
154987
162247
168669
160652
174688
173357
170264
166360
173508
183403
186981
169751
174034
160024
160532
172839
180869
172185
176388
172607
180163
182665
172914
169336
184277
163935
154895
169100
162843
161610
171093
173277
176638
175456
183834
164281
162341
170232
171622
178652
176108
184660
166786
181814
183570
162692
175953
163311
171441
163462
176867
166825
159860
180914
172104
182277
169732
163926
165538
171368
182979
156061
173182
186623
182717
162741
167013
167168
180188
156464
161709
157747
184411
155563
179093
173746
185212
164526
169106
163821
171134
173524
179171
177648
187337
169004
162667
174569
160109
156382
177088
170468
181194
179474
166016
158682
159376
173837
173796
174570
155115
162973
187031
168934
174583
175800
156872
158225
181882
164960
182654
185639
187090
156361
165675
167838
185900
155838
158853
177196
168951
174401
163985
185737
173209
160114
176384
181110
167520
165298
178879
172286
170683
176647
164042
176124
164778
166338
181569
161245
169331
184928
161981
171431
170135
169391
168932
179002
169988
171826
175931
185303
186252
157893
183612
184286
167574
178820
166569
178652
178963
164330
174367
159428
172212
173110
174062
172925
182362
184339
155432
156573
168911
168567
184568
159093
178611
176844
173365
167757
179641
170574
164663
158192
178451
182964
179690
179308
165674
174098
165408
171283
174739
170494
169772
181189
163390
182258
168364
182642
165617
161009
161958
164058
162037
179821
165079
183447
181776
180841
180807
169566
182195
159963
175137
183170
186739
166996
178882
164537
161725
171490
170000
175907
177862
155702
159245
165000
173506
157186
164780
159970
160342
163749
170979
184091
155727
173066
183041
177943
158100
155853
177730
167669
170585
169376
160160
180626
163222
163566
159725
179791
175544
185278
178463
173589
155030
162521
187115
182678
159142
170799
182165
154837
156017
166775
169734
164840
182596
156950
155167
171260
160809
179778
168013
158619
163349
184167
171869
166186
167523
165833
183698
179894
187009
185708
157173
175088
180458
173105
184045
155509
168020
186433
174863
181331
184106
182190
162871
166089
169788
161624
163032
156239
186806
171790
172944
185046
171854
178422
165120
185169
170178
172079
165850
165748
168834
164532
171835
155324
173737
174724
163644
181935
175154
156160
163780
184933
186985
161684
172448
162631
168351
173209
158165
155415
176674
187258
165684
171825
167533
180502
161328
181520
183707
185702
169709
184339
184866
167776
158105
184449
161981
159771
156927
177100
181162
184627
170841
173586
181782
160367
172390
175337
156630
166561
158653
155484
178519
155598
169569
155441
180184
174735
182933
161646
164310
182455
177906
164891
160712
164662
183734
165704
181517
158526
179551
167762
179491
168612
186233
184931
162073
172936
186804
172856
171335
170808
183609
172839
184124
175186
159806
185696
166904
166953
155096
161651
175708
175978
157713
181010
178654
178688
186427
163096
179585
173620
166276
161227
156421
157465
168394
155230
163418
166439
158896
169915
176475
171046
154865
155263
161721
185678
161780
161861
175925
184492
167841
181799
159763
185031
159348
155778
182731
156548
170447
172026
178177
180039
167573
178110
156599
156507
175092
181517
165058
178580
180354
161786
161658
173874
159116
178540
187062
164617
185514
160360
182776
177887
181143
186515
165860
167958
184896
156658
175351
164747
173851
184821
175733
157885
185786
186804
184739
159794
166816
161144
155447
186646
163667
157053
174861
174630
185779
184310
181275
160204
160137
172626
155815
184715
156003
169918
187063
186526
155552
166123
184522
160220
170183
157969
179909
157919
175133
169012
172848
182885
170614
184998
165026
173046
169803
177613
158586
157384
159757
176678
173008
160223
163257
170634
187308
165752
185517
155824
160117
176552
173754
179956
165548
186945
166778
175958
174810
170485
172771
185286
176838
164542
181789
177055
167916
158077
178833
160369
179243
160481
170819
156675
167358
157578
158817
172440
165741
168814
167196
164978
162052
177276
162742
174485
164869
179328
171996
156365
186522
158279
167735
178418
179917
163331
163902
156523
180219
167152
155470
186609
164998
178232
178684
155029
178635
183061
160938
176645
169044
164917
163416
182283
180814
167522
161469
172118
156221
158818
162454
177533
184814
187420
166463
170049
158125
161021
179840
172307
161721
165274
180137
187094
167925
160919
176865
166629
164832
174279
168379
162392
169671
179348
172042
156803
180794
164002
160759
175808
171708
168367
181328
183663
181438
165310
160035
162362
178639
160884
162444
171934
179725
155330
186827
171430
167391
178628
159897
183290
158694
172265
164541
154905
165680
160597
159194
165603
168367
155779
168843
169050
170730
174127
174513
181417
164595
168307
156940
170854
170393
154928
176649
165396
179678
178095
159707
162540
168364
159112
156109
160989
169411
157635
182999
159953
180726
176958
157551
184370
159127
169806
178593
181420
171056
163753
187234
174389
164467
179588
183074
158795
186228
156664
157344
159613
181782
181162
165890
163885
168643
182699
162085
183700
182625
181661
176434
163847
165761
187160
168050
185720
177881
172620
167523
157503
183284
179175
167435
163099
154920
187449
183436
168307
173513
168341
171513
158434
182684
182779
158824
159475
158862
187381
175432
168489
160422
169663
180469
166211
162873
171434
159882
171965
160349
168642
163319
186266
178079
185519
162387
177761
184569
185305
185971
156518
170750
180944
156091
162634
155480
173546
174900
179397
155252
165422
162015
160419
172412
183152
182601
179981
174214
164286
168800
175114
182539
167419
178309
173382
184474
169418
154850
179985
180173
171694
170494
159402
176509
174191
180110
169918
180786
181951
169615
168748
166877
163357
187025
168715
166346
157690
154966
165870
162000
156186
166043
158566
165835
183614
176694
168905
158796
171776
161377
161074
176014
183038
166998
160713
182188
182074
182556
174917
184594
176065
181408
184239
162865
183691
185607
166760
164728
165027
185411
163437
179583
159111
156644
180954
171909
171474
172849
170669
181276
156696
166776
174797
182819
162578
157346
157515
172021
161787
168970
169191
167648
161849
167824
164822
170713
184896
159465
157634
166509
183732
182585
160019
174843
173773
179427
166765
173345
155904
165791
157049
161140
175324
156878
173545
154996
156978
173579
160182
155839
157560
178691
173996
172676
183151
169350
161065
177979
179716
176862
174114
179859
164724
170847
156262
186796
156852
175935
168487
184711
166928
171944
185270
164283
169234
184076
172174
187241
185253
166841
159636
169073
169594
186541
174749
186086
157867
178347
171313
165056
169631
176014
180367
156625
162349
159198
166128
181755
184836
187041
170000
164255
174154
159603
162027
183896
167043
170713
182468
186858
173237
171219
160108
174453
186825
168368
186561
170735
172853
171814
174453
170704
177624
161698
170257
156175
170533
174045
184121
184398
159108
156336
184881
177746
185077
180009
171168
173237
186103
171230
180372
168671
182952
172673
179143
160306
186925
166581
155937
164229
156244
176928
162685
160980
182648
172482
167344
181557
155558
160901
185287
179470
166397
159509
158097
169094
179547
170737
178782
176697
166966
175555
171525
156720
183239
174573
182060
173328
169070
159076
157379
180625
172370
172737
174290
160306
185160
182421
159349
179500
187126
180989
157988
177316
183864
174967
162616
156964
175298
185076
164267
165964
169991
174639
158496
184261
180826
164924
180259
187511
186707
157540
164017
177660
159605
155696
162555
185940
174349
166596
163687
171482
176221
181870
169432
181110
177402
182143
170031
169237
162419
162650
185874
171094
178739
160458
173548
162694
154793
181913
165684
169679
183718
174686
178675
155052
159750
172438
159616
182432
160914
166646
161934
155432
170021
161280
169065
186862
167182
161493
181629
177471
168886
158794
184088
182207
165507
158781
180337
176476
154875
182826
176360
177792
158253
158713
168335
187275
186956
155930
178154
185472
177054
159700
165363
171262
155284
167130
185185
183411
162107
160032
162858
162444
162259
180716
178247
182256
156860
163632
172215
155437
170394
175127
165318
164338
162737
157150
162447
161408
162193
154853
178624
158043
178168
156678
182173
169797
156660
166437
161096
185196
159816
160264
174399
179683
180753
187497
168230
179791
168105
170058
172231
169699
163020
183689
164439
172942
172793
185780
187386
170354
175387
169758
167562
187033
173929
169523
184724
176611
171147
176392
184484
166723
179454
178487
175555
162859
169401
155625
167229
176197
170513
174132
167592
167524
165082
185256
186145
174522
185551
163108
168153
185163
157748
185838
164817
155553
162745
178435
175073
160962
168098
166060
159743
160863
163365
166482
155326
185934
176659
177299
168981
165691
156859
172950
175202
171930
181260
173979
157870
165599
186873
172502
157747
186098
176674
172925
170779
168925
164528
164640
184971
166856
187520
187449
168416
160552
173701
175364
165177
168243
157799
165520
180533
168087
174192
164630
176126
182379
155817
161419
184198
168294
184128
167281
173328
162639
173613
183794
166387
161460
155157
175919
177562
181983
176239
178902
174288
184326
163045
158962
155194
169410
171517
181768
156709
163266
159992
181087
181123
174785
169211
176543
186415
164789
173420
167326
163449
179018
160671
157558
178654
158606
164786
162779
178455
170478
184501
161707
187222
178017
171022
170439
170700
159971
183324
173858
163950
156709
171547
156951
165113
167043
175944
167424
164659
162870
172357
160772
171892
177611
155070
181808
182374
178643
179533
175049
177417
171229
169371
174561
164858
178593
160457
165673
155636
185214
163854
172550
183703
179495
156577
158951
165480
186265
168409
165077
165146
163152
187282
169548
173836
175546
179156
164937
165650
167148
174255
165284
161144
166804
158569
175264
176452
183086
181212
167105
181948
168571
187161
160477
177960
157231
182609
156534
183769
170474
176886
185159
181866
159082
180509
183837
174150
166399
162087
163816
162666
160831
178080
185362
178797
181754
184935
171791
173501
181361
173583
165430
187435
173762
168582
170447
154794
172199
174836
185709
185683
165216
171238
162430
156589
169710
168620
162080
174636
185730
169215
187190
155383
156469
176104
157115
178158
184313
155357
156759
186348
156112
164908
185136
172361
175420
159645
187139
168356
168438
178258
185203
166623
159714
159219
180129
175466
174147
156936
162044
174021
180012
172710
162907
171840
176439
174926
167241
169478
184696
178450
172959
160345
181172
171257
186201
166687
157391
184229
179874
155038
181124
161075
160305
184452
185177
186467
175064
174122
177105
172281
176986
167961
170467
182627
167294
155086
170411
169883
172385
159930
169568
171343
182288
185229
159366
164672
162390
164532
178276
173032
168147
162848
172729
178527
182862
162890
183723
172671
166989
167028
176128
164679
168418
181809
187536
181373
163015
159783
179194
177815
162989
186388
167575
187356
164050
167439
182956
171463
174034
156945
174820
160172
156095
154803
164093
176285
161907
186425
172225
173711
160293
181968
161592
171193
164411
172308
172572
156477
162911
155605
170893
171530
163285
184347
183814
186625
180492
157799
173200
173911
184179
164668
158517
184890
165261
172766
168888
187063
171336
172634
176771
185051
176779
161734
182241
184856
161294
158666
174445
166123
164462
158304
171979
178108
165761
184535
167061
167174
180199
154910
175256
175799
156897
172607
182849
160474
169062
173610
160850
166771
154996
167092
167129
174506
157349
160735
181347
187436
156418
157020
185709
175311
182555
164174
168987
180597
163928
181841
173613
164914
161930
170683
161582
169649
155589
162594
179438
169171
158322
160286
172083
158362
156064
179535
155052
180550
158619
181154
160550
182205
180928
180433
175362
186928
183951
182825
174055
183548
185090
168080
170676
155342
174621
164806
163001
169483
179143
178923
187430
167279
174040
181826
161987
160756
185971
183860
161506
181237
156310
172952
179859
161171
168687
173361
187158
176216
185586
171640
159382
180250
159272
164764
167444
184610
186314
175816
170401
178062
161934
164516
156880
181748
176321
169502
181099
161608
158870
183658
183909
159744
176318
164935
161040
170613
185656
175493
175760
156301
156267
166852
155536
185495
181362
157566
182323
172918
182455
157256
167501
186882
170435
157524
178132
179115
175444
166203
174481
170080
186544
179449
163355
169903
163642
166457
182534
180013
167747
157908
170584
178200
180514
185236
185916
170043
183431
161853
177403
176658
165900
174286
163623
176175
173837
160260
186906
163804
166330
162592
178335
184066
185194
168682
181230
172361
178995
167414
184542
180353
182967
186918
177494
166977
163648
158576
168452
158925
164112
157153
156754
159037
156914
174306
160918
180444
175125
171963
160905
178127
161306
162645
156155
157431
170348
178500
164293
165656
169424
171012
165630
184122
169277
161923
178802
183887
159469
163040
177743
165911
155828
185459
166434
186689
160401
183565
187138
157395
178307
156033
185355
171211
157341
183651
162575
163846
158557
167439
179591
186210
164922
161005
182736
159776
163964
175860
166036
164236
173648
157037
182918
160735
159260
187386
163410
167524
165904
176086
164563
184538
155646
171102
158087
162842
168811
157905
179521
167417
167398
156500
172318
177264
180120
167225
187322
162810
172573
187520
172708
179518
163730
177822
178703
167406
176111
166014
179402
178415
180375
171974
172146
164282
178734
174427
182758
177922
161963
162087
181755
186519
182702
163610
162417
185482
181523
167278
156454
171922
168903
185392
176010
175278
170202
177660
185427
165900
176342
186888
157042
170282
162640
171875
183365
184379
156348
185727
175630
180940
185990
155118
169636
162727
158558
170857
179048
164343
185811
184854
158331
187310
160547
154891
162350
167716
185425
154894
183482
157696
163705
181406
179250
164700
187233
156984
164533
157476
162128
156115
160488
174271
176419
174765
169123
157426
181149
157257
162283
170753
161535
158648
155681
165143
156120
176665
160120
178151
186399
186716
178861
165780
175743
176203
174322
155598
182258
187338
173099
181567
172433
164701
170332
165413
184491
173804
166242
155200
173844
164291
159714
168430
160191
171741
169600
181397
165263
164450
174161
167489
167531
167022
170386
169102
185489
162068
178074
174793
158764
172451
161037
179538
164648
156455
181843
166980
180549
183859
172616
162136
159338
164830
162613
158983
185149
156684
181248
169711
165872
159983
185759
167288
173405
166861
182482
168119
166998
159491
170002
160915
177974
166218
171460
161318
182716
171577
180915
163942
185114
184331
159933
173060
161352
161443
171469
181908
158878
157645
164617
183535
169634
169159
185420
181461
167711
172288
166870
184791
160887
185887
171586
156020
187449
170311
174777
158339
173302
181657
162662
179153
170577
167931
158249
171530
171862
186392
163216
183517
185101
166568
184835
166747
156494
162034
172862
186272
164310
182671
166405
164278
176027
157296
180754
174518
184925
166947
166995
158000
182398
155217
164178
175053
159507
173452
157685
162611
183867
170567
156775
180777
155568
155942
168790
183036
172955
171129
157023
163105
161709
177923
184006
171547
156779
183295
171883
170400
185545
184421
169721
169207
158715
156009
166241
184740
159112
187460
173959
172871
158624
172856
180282
163010
176047
177102
167274
186522
168242
160355
156053
164000
175818
184034
182659
162000
179598
173779
161331
168313
156326
166037
164629
156830
183062
179175
158842
180892
161239
177070
182856
184846
156716
183538
172786
157422
173107
163625
158375
185597
158138
156088
164554
180580
174421
174775
183715
178075
158125
166644
174676
165258
179995
166715
158990
172782
173430
184021
173956
174079
175145
155471
185760
169808
174216
157053
180853
163574
156260
160701
178550
177388
159452
181632
186341
176822
175479
169991
168590
185413
170864
163947
181172
163355
160081
156384
185676
159407
179907
159546
187241
179987
161957
181937
176888
186068
175451
175841
161965
186146
185193
161301
158781
180528
157248
158916
168910
187358
181591
170076
177067
171158
166270
164671
159293
169843
181360
183819
172087
178857
155303
157215
183568
186657
165748
165211
176054
182371
158542
155430
181121
169401
173163
171702
186725
169617
170381
170636
167277
186404
179999
155965
176228
176725
159360
164728
162261
164316
182175
180037
169527
183715
184520
159883
157025
187248
182461
158421
163140
161733
155401
172117
181464
161029
181905
178730
179031
173527
185964
165342
180138
186063
175348
187443
158752
166732
166173
156959
186982
164252
183814
154901
156596
180839
156878
180102
176452
180042
159913
162472
176392
181442
166195
168054
180892
181068
159492
182520
176250
177098
159364
186820
182637
170793
156928
173765
175688
160065
171006
163899
174039
159484
159438
164355
170262
165819
159330
161817
156065
168437
161632
158811
181356
156449
159348
180623
173748
156375
169707
163752
178997
186674
178046
177477
159134
162936
164203
168571
172610
164349
159179
172244
171536
177732
165151
179351
174789
155752
181548
176970
183136
160954
170249
174966
169174
187052
169846
178602
163592
182766
162671
181954
180722
164566
166657
174953
168741
157189
155741
173277
186231
175944
182571
165619
171257
186300
176160
184154
160041
156470
181459
163363
157545
171233
185804
186241
156592
165673
168158
160462
163200
164568
171448
178895
167704
160127
181942
181049
181482
186136
173053
169844
180559
179945
163014
157342
174202
157612
185082
176339
174250
162540
183552
186796
184996
185266
160210
181253
185953
170081
158551
187140
161796
175071
180973
175191
184591
178677
183364
161724
176597
156409
176755
186311
177971
182954
187205
157664
157819
167515
169172
166795
160177
157268
180570
178924
183802
161397
161091
161930
161361
168476
179079
185427
157820
161609
160822
172000
170558
181504
164181
178171
175311
176367
177640
165726
160905
180305
179024
173758
174308
165906
155863
179720
184484
178228
166282
166635
179793
161393
175175
176278
176360
183330
170518
177347
158928
174943
163516
183796
155919
184168
184206
157436
175294
162883
171140
162754
170170
156071
161678
176962
186781
173337
157227
187092
175597
186197
168247
173745
175251
186607
173828
187315
186254
160314
172973
181852
181992
172649
160679
172826
163817
158196
173209
187337
183436
169022
170094
179834
173871
181364
159400
168307
167566
182712
169975
174199
185842
163455
182282
155463
181670
177975
178597
171368
171947
164910
162036
182055
154796
182959
174111
180187
177460
162158
160286
156010
183071
187429
171983
167182
165711
184960
164677
178521
163744
159287
175459
172407
162077
179321
172458
162228
186996
179857
162896
183613
172711
185796
179858
157995
178181
173688
177483
161981
172889
177820
175556
177893
166753
183107
158926
186631
164993
182674
171022
169725
166073
171741
172441
160862
175061
160781
169409
175872
155619
176197
183086
161467
155114
167621
171312
184944
165593
183310
161875
185930
184510
175686
184628
167748
169016
158943
163220
182252
183855
179060
172971
166502
174530
162803
177086
164787
157313
187393
172020
175156
159453
156058
181862
186729
176860
174840
180597
171263
170770
157111
168544
169226
174028
180534
186902
168335
168078
155712
169032
176965
161728
167404
166083
157596
165540
178625
157437
157183
165259
163614
180205
168534
181321
179161
184864
157904
157414
162343
187402
186079
158358
176572
157850
173444
161515
173107
182801
186572
184138
186543
177939
174235
161948
162499
179710
161448
157509
172175
164476
157129
182618
179244
162132
161393
180494
179275
169606
183414
172910
172056
172438
164376
167759
164453
173096
175168
159876
155652
173773
160773
181076
171380
176157
158068
175147
167873
178694
160657
178063
167077
168291
164249
185942
181747
185296
156042
158230
160821
163773
155621
161246
169108
182978
169139
182051
179705
176690
164294
174845
184690
162291
157249
164756
166359
167309
158555
184788
175789
161664
167519
165737
159306
156379
158711
177383
172858
187146
184491
157768
166114
179696
176805
184220
172899
169014
161975
160764
155330
181218
176799
172224
174405
184619
173705
183026
167200
172427
186325
167170
167248
161047
158491
166586
182728
166412
166764
184693
175819
171690
177371
166028
177049
181573
165948
165394
158797
179865
166956
170945
160518
183902
163666
176179
158789
179740
172004
161878
174742
164417
167020
156954
177523
177521
172492
170348
178021
155165
162431
162920
169836
176727
160547
179146
180641
183780
186420
184998
156442
167571
172315
157786
171278
166606
187495
170944
160569
185967
176474
167592
162178
166357
170663
181637
165084
180022
179834
175974
156522
162358
165817
158248
155622
175545
156809
169706
169027
185334
183829
185026
184209
183502
163211
173998
168738
161371
160358
166350
158443
177099
175603
177360
173356
185967
182286
163243
175444
171279
180525
158864
167455
179585
177569
176925
155393
175225
185880
185045
172231
169891
182629
165837
183676
181743
187268
183207
171913
184877
171480
165060
185377
160729
154808
177590
158940
182840
167466
180468
177314
155044
171502
169170
166859
183075
178879
185264
180100
183871
166101
183409
159861
171282
155054
186159
183457
182945
157966
158252
172173
172907
159557
162572
164772
178241
161968
163906
173018
166743
170626
173769
160912
168860
179396
167956
181431
166471
164251
175175
163897
177842
176586
165031
172180
175212
184951
166479
168136
176010
182322
179494
166004
176957
174899
179981
172604
173738
176355
173917
176493
164853
183967
174736
170724
185759
162232
158270
177452
173587
174270
164172
160742
167291
162302
172128
156270
184792
172873
183959
176571
183634
167671
172667
155015
167628
182828
165679
175280
157884
174170
156141
168159
156218
180231
175027
174439
179799
173265
185144
159088
167343
164527
162597
180564
163394
163449
157826
162633
155007
163755
177518
170817
164002
182118
171028
178702
165696
161975
159194
160714
175136
161308
166619
184694
170061
178244
159128
161249
158825
164375
171754
168395
160836
169462
173628
156491
178350
184388
182774
181358
156553
183077
177212
167201
174626
159621
184281
183377
176577
169821
160118
171088
172670
173361
172304
169595
187479
177374
169897
174618
164480
182674
181565
187015
184570
171292
160503
174227
159847
160870
185765
174885
179229
171327
173162
170788
175737
162142
165810
186007
157557
178852
160875
171787
164221
177314
182131
169781
174207
157531
177484
181209
173890
173899
156183
168939
155384
165544
177600
177139
154902
156647
180342
176310
164707
180610
181086
175378
161359
183033
176520
175914
181639
174871
179490
182467
164550
169846
181483
171758
178926
177477
177643
169192
165207
179017
177506
171582
171367
161058
173822
162868
178787
166864
156496
158312
170372
178037
176769
163507
159310
179804
155457
180304
175389
156987
161281
178752
156673
177333
164962
167148
169419
178211
158957
181005
183144
170388
172804
159177
184174
179986
156440
183326
182261
183592
178973
164228
172712
176801
161595
171982
165660
172433
181959
165970
181088
170394
175473
157769
157397
157544
169151
185465
163647
179582
168378
182289
175133
182837
176871
166612
162870
159489
158328
180857
182645
163063
157892
176978
165622
170636
162549
160813
177505
177824
180736
170360
160119
175291
185819
170920
184554
163478
174314
163035
164210
181981
180154
160187
155165
182579
168177
168358
159463
181111
172421
184845
165514
156741
176429
184602
160407
166592
166677
177046
160198
177039
184022
170505
156810
177958
181669
160035
158697
179527
169930
172378
158347
166344
161365
156117
171025
165526
167180
176777
177832
175866
184487
180642
183005
180251
163136
180260
185779
185029
186629
158162
178418
180840
167728
181327
167363
165220
177977
186755
165242
187011
187465
160064
183475
159687
170227
167461
173216
157287
170783
176579
173729
186388
173126
175103
157205
180608
186853
162231
156785
161313
162347
161449
166799
164147
182517
157328
172616
169980
182525
170383
159556
164179
169294
176083
163345
169571
159484
180341
178803
180397
185105
157597
185851
170316
175306
163821
175067
167293
161796
166685
169721
175198
157681
167394
159298
164342
157199
156437
170817
172918
163163
182801
163568
184510
165314
177245
170190
184099
173016
169611
173105
156016
159948
180319
171998
164138
155292
163892
160727
179481
175237
169372
174452
155907
163774
177991
158133
182971
160869
176166
177623
168027
178874
186319
167461
187341
169099
158244
162577
171920
181999
164399
175235
166072
185399
179281
172913
184887
168482
181148
170416
154972
159824
183933
171018
177049
164601
183966
166544
185737
173535
186378
160561
162609
183169
164755
162444
174471
183442
184433
182019
180528
183209
182571
172561
158350
164154
159675
181213
164602
164805
177389
163087
159566
155725
163592
176866
161703
169740
164784
156026
168041
184421
162059
170105
177283
155162
156195
173517
177396
154815
162443
156363
172430
166255
165190
186242
175865
171965
164580
174153
179708
185325
168686
164251
157688
179557
164996
161317
177333
181598
186949
164636
154977
159199
181615
175828
180438
165100
187463
161167
159004
169979
167868
161939
156207
179111
173127
172927
160258
162728
176661
179166
156099
165635
159848
167677
176225
158846
184379
176634
173644
162647
174629
165918
168572
171061
164735
164716
186548
177759
175817
185210
177416
161068
183114
161408
186525
164283
157687
155823
181168
165091
183702
175556
164057
165229
177187
168156
173457
161409
157555
161418
179187
166495
171799
167207
162239
171344
167299
173929
157860
183515
158320
175415
156607
167739
162942
167612
167519
155409
157214
159163
174091
184151
178607
160034
156102
170901
170215
161505
170129
165975
156533
169980
170290
174046
178404
176863
184628
186134
184771
159731
168239
165576
160771
160878
181321
173329
165536
178031
180477
178963
166020
175434
169755
168682
159400
179488
163600
162273
175484
177332
183912
160486
160137
175737
169361
159036
183124
171504
183010
185200
184966
161328
173787
165518
164939
171718
169391
170388
155896
174784
156159
155943
167152
165381
163049
174981
161992
167144
165697
177339
185513
180732
163870
174872
185078
169513
179353
186337
163375
161535
167121
180294
173590
169803
176691
184981
174096
173544
166648
160686
169677
157400
169710
164023
165163
156307
178556
170257
161880
171935
154848
181386
181559
170593
187068
182740
154886
159539
183761
182582
183613
158391
176394
159617
161465
160874
159676
185670
180249
165756
183084
155206
182121
175583
178514
175402
186110
176542
172252
163700
172448
161904
169590
165302
166383
179597
163657
166913
162047
171456
179393
165537
165958
174525
181652
186119
164536
160438
184320
154887
164144
181545
160084
174148
173586
165372
186033
155112
179246
157131
162578
173720
179432
155265
163466
178343
164246
175909
164557
184969
173098
182775
176370
178571
185105
157884
183415
168130
171099
179030
161670
171073
160795
156823
167030
181391
162321
178519
176277
159321
180870
161220
164901
162403
173688
154874
168868
164292
155383
161492
159313
172627
159695
155649
165355
159581
173415
155738
179132
187033
174569
179058
179926
174429
161187
159599
171933
182801
171694
185881
179333
171493
183245
187441
158749
166591
183959
180996
165965
158071
174297
172096
179931
173127
164150
167941
183092
170365
183056
183615
163178
169587
173484
173108
176761
163521
177808
160601
172494
160689
164656
175722
173066
167924
167370
169913
186115
166803
178575
172999
181003
187432
178691
178961
157046
173389
168358
183852
181334
167253
156628
159764
159625
182842
171498
158402
168694
162519
179114
164348
163347
172119
174817
186481
181419
183278
168518
174853
154846
185543
163750
185962
155241
174653
180542
187120
182055
169549
159337
184990
157912
164939
156539
167297
156706
171989
177388
182340
185557
155654
155065
176385
168819
185067
175367
175703
176112
179515
177929
171197
166326
156226
183589
161301
174316
165919
180562
169861
179448
166959
161989
170370
156738
170953
168396
159277
172347
156972
172282
178659
172191
185525
182660
170511
177399
176726
177387
183875
174945
176963
175579
161672
155027
185326
156244
156146
173342
167478
168199
167031
168944
180187
173571
156416
169501
185654
166544
155329
155871
166951
175195
164038
185051
156494
163796
187087
174501
166270
164309
170590
176263
156014
162948
182798
183422
159154
168826
179494
166278
178410
187173
186734
167191
167482
163690
176962
168432
169466
179599
176100
184595
174766
177497
172567
162833
162360
185713
169193
175239
182092
157452
178384
158953
155429
163019
173816
179838
169846
182496
159452
180396
157860
171635
172564
154998
161842
172612
184941
171843
173949
159377
177727
168929
162473
175674
157435
155849
158683
160547
159236
158885
163496
183258
168896
180751
174030
187514
173294
167836
154914
163535
172602
157977
156106
175546
167438
175636
172716
180183
183468
178591
177958
177502
182906
180048
186880
171335
187548
162188
159391
185778
167880
167173
157307
174981
186710
181634
170707
171351
155287
167903
159391
181645
181864
185684
183494
176066
182535
171002
186001
171373
160293
168074
185951
163261
182588
154984
182939
171208
185378
160481
171244
183781
174047
173233
186795
169302
162748
180425
162714
169259
160412
164687
171987
180578
167567
166885
177662
171859
164517
178222
164039
169036
186112
165774
162448
165752
168749
158770
160354
187141
156341
175441
161066
163973
157678
179889
186146
175253
176407
176492
160141
159165
164772
172532
157863
174744
160215
182101
167388
183093
159376
165818
176696
168380
185190
177715
163103
157269
167158
155061
170814
170565
156027
179555
186817
157274
165280
186891
164294
174218
160658
182516
165906
173271
178264
169943
156931
183670
174951
161323
174278
185903
181361
164773
171978
169735
164735
157696
170869
164381
171839
169978
176917
176338
159135
158623
168217
183340
178842
158153
172161
185469
164178
158952
175763
166975
179040
165119
185552
166467
178792
178927
180006
177931
180208
170232
172647
178548
182130
171133
161530
169623
177839
161031
183249
166130
157767
177293
181658
185027
181383
185587
171578
167861
187522
177872
178295
182718
179043
163188
170996
185672
156161
158762
159075
178319
172212
174266
177910
172618
181096
165682
169238
177037
181231
180966
170840
172270
161436
182454
165293
159463
156941
161423
166361
183675
183112
160821
154918
186140
158474
166207
180825
177869
174427
169059
177125
162180
174694
165875
163423
167634
155528
167848
155442
179397
179111
181151
162708
166670
164293
167073
181176
158047
156116
171431
169541
169239
186316
173725
178184
164385
164092
173159
160741
183065
187293
160290
161556
158897
173229
163756
179594
184404
182267
184678
172724
158217
169598
175416
158315
159129
177898
170198
185893
155380
164997
167234
170600
164305
184375
164755
182405
158869
178145
179956
163970
180854
165872
161775
163672
186592
187186
183532
154975
183319
158952
170996
168198
182047
184604
174523
166343
164569
165685
178654
161626
180334
170696
162921
168233
180976
181937
160924
160261
166975
183907
179439
187415
155946
164220
183379
162073
186583
171421
172219
158406
162661
164472
160475
180110
177103
158762
186159
171919
170260
174028
159808
181697
184981
161348
169507
170352
170942
168289
169794
162800
174824
165672
161375
171660
163710
155496
182741
160959
187231
180117
172065
169639
158596
164050
167330
174006
156643
158800
182173
169387
168595
168407
159876
181184
175664
158882
162168
161317
156545
182896
179468
168366
157272
174296
177996
164809
166330
163037
163582
157362
172864
170178
156711
177642
179645
173088
186321
173797
155425
186933
164108
162306
157086
164479
172851
186305
180233
186249
178544
167473
165250
184326
158594
180903
176215
163356
180158
158645
163878
162050
175700
173914
182082
165069
162260
180599
173912
158855
159985
163458
164179
180866
163204
163454
171132
162539
173268
183339
182502
169122
154900
158842
164105
181321
187437
164419
183981
185756
181182
186938
161546
177920
183905
160544
176685
156510
156209
185910
160157
171569
175241
185335
162367
177630
174862
162054
185719
180293
181743
184166
155024
165269
155499
180201
158046
167268
162964
174059
187169
164351
158547
161599
169645
155134
166317
158314
172744
170012
168516
177423
162260
180550
168481
176299
183726
182514
158640
156547
180949
187314
166668
160730
157391
167945
175997
187238
157128
185725
159296
159493
181117
186861
184966
167597
170840
186661
179902
168353
175068
166576
160535
180971
176452
172525
154945
164358
185191
169062
169332
187355
174815
170588
175284
176111
172394
171431
176211
177626
176528
166589
165559
161531
182663
178192
166238
168042
185683
186269
163870
184622
177201
173761
156082
166064
171318
184399
163186
170352
177972
177377
160354
173047
157661
167275
169838
155149
171563
171030
178420
158251
171007
155467
184195
181043
164616
162573
168931
168031
174310
183437
169045
161143
161423
187384
175899
176968
186098
172180
169531
175185
162011
183051
180353
172479
157719
166407
158659
179356
180696
163070
169064
177987
165979
182608
165419
178967
186823
165263
158237
181876
167513
159517
161257
175846
164286
171517
172124
168857
166848
174819
163621
185361
158757
162701
176601
155419
175572
174422
163386
159236
181562
177673
164280
163848
159212
164595
171064
174605
166798
179772
161813
167570
168435
178807
185188
168418
178309
156791
159357
171661
163048
183140
181175
167448
178394
159503
158834
166388
184158
182403
186203
161965
177433
180445
177131
183140
186364
166493
177969
180095
174627
167868
171474
157855
185341
159168
167758
169682
184750
174863
181892
158987
163761
172609
172921
179151
187074
184888
166485
160816
161531
166068
177070
182015
160317
170786
184841
181310
157137
172469
176286
167636
170831
157880
175964
161924
166079
166947
180269
170528
186367
160108
182651
179194
163173
168863
168435
172700
172452
185777
170377
168889
156404
184082
164796
173923
176493
181889
161563
178557
182964
184100
169480
167796
170202
179160
160956
165418
161921
154822
176267
187443
174657
178999
167017
158788
160586
182185
177838
158696
176458
175649
171030
164469
157073
181444
158732
183359
162675
182433
176680
171531
183789
154834
174326
171207
176268
163779
174585
163192
163723
158417
155375
164211
162619
167959
170071
164560
160424
174724
159025
173340
164218
169009
165893
163406
156953
186098
181542
183292
175381
174892
165432
166095
182980
186598
155376
161333
181293
175906
163611
159317
167460
165229
163298
168520
184759
162741
158284
174214
172233
158811
181508
180126
155133
181385
182109
157995
187350
177862
170899
172291
161564
162759
158292
177329
176257
169352
156030
180006
166276
182428
170027
167083
174230
180162
160747
162586
166011
167352
160592
174670
177908
164180
164272
168152
157339
163792
178214
182515
186382
186726
176090
174523
155215
183324
182658
163993
164459
174306
167465
163586
166490
184026
167215
176225
157479
159991
187282
166993
183889
186825
170091
162064
164464
172439
170684
184880
167707
166575
175208
182160
162826
161786
161411
174219
179064
176595
164556
159599
186315
159001
161400
172337
173175
182403
158258
185695
161312
177204
164703
162389
173567
161680
176806
174516
156806
182605
179120
172304
171847
175565
158252
176873
163346
167851
170007
181213
179037
181908
158010
174107
187369
163928
155636
161051
166307
180288
175929
170893
169417
157859
159195
155023
157261
164532
167688
161058
184958
178334
181269
163551
176869
177619
174969
163046
174189
156064
160029
165400
155336
174086
181203
161158
183821
181445
181283
175656
180134
181433
184398
181971
170601
176489
184717
176741
178693
170718
159386
178243
185760
160689
182129
184581
178622
160616
171608
179055
186725
160515
168477
155043
162431
161745
183711
181910
164223
155784
184463
156609
172103
157845
177528
179993
158793
161201
170237
186688
172013
156597
165475
160765
166707
180911
167247
155882
161690
178997
156880
174188
164672
167161
180127
171240
177994
187294
177574
175668
155014
179658
157376
168268
186703
180861
178880
168007
165810
155809
156340
169609
158415
165090
163691
183609
173185
176575
168244
187382
164929
157153
169193
172485
175175
179372
160300
162382
168435
163093
171761
156489
154988
166579
171069
169523
158855
159000
176172
158277
163050
156001
164153
168614
180593
174604
161466
167136
157392
168202
164522
185233
183162
184341
178347
174435
159426
185156
185931
167997
187200
166365
172167
180411
168055
178538
178830
177628
176052
165647
186823
172283
159801
174874
162580
186881
171675
164572
163161
171992
174953
160952
181560
179491
167182
187001
183839
156972
162041
157160
183429
154909
178171
177055
181616
181620
170480
163864
180027
169905
183457
176905
159638
175185
170473
177396
166606
154880
184599
180985
170063
169739
155540
177392
159847
160276
154822
158132
182092
171785
167219
183745
158049
181079
172266
176130
167093
169050
176415
186596
187340
182040
180501
169903
171427
174128
181825
178710
171758
159757
162732
172557
180388
173919
165017
159194
184253
176076
172648
157295
166459
181474
164282
174071
161127
166225
156374
178351
158045
160855
172363
164343
161226
177019
155351
155561
164853
185470
185736
178601
186876
183183
169249
187325
156512
174526
176063
163743
156356
169907
170428
179537
159986
157856
180436
185777
159007
186740
171654
166733
180848
184402
182717
163192
173757
176193
183216
178590
177812
169253
179207
161492
168577
166894
157759
176051
156044
170767
166479
167527
154884
175921
184972
155395
182651
180265
182474
162839
164114
180776
182468
158085
160503
177970
171454
168336
179243
160978
164200
186422
179593
160267
164358
161984
185092
176529
168910
156055
167984
171066
184721
164441
173572
155567
176286
180268
185822
173415
175076
164947
169415
177622
174678
170239
182776
187361
173204
182375
178078
171158
183751
160282
169179
169754
181196
166548
186893
172258
166550
178448
178258
160294
186061
165790
186700
161427
158651
186741
183329
169537
168041
170890
181190
166628
155653
156514
166526
169286
162183
159780
183965
173813
184981
180722
175250
185400
176547
179065
170532
172616
168798
164295
169724
165309
163659
167517
181860
173383
167851
173958
185934
177310
176291
176871
186264
162748
187033
169558
158606
155209
183265
170736
158385
161623
165273
165477
157879
171343
167889
155287
178642
156203
182512
166756
154933
156646
181330
182975
159957
164145
162870
174854
168556
181864
187096
163727
184772
173764
155354
164741
170034
185810
155368
171762
174432
185636
176284
164380
172368
166470
177823
166677
168862
159987
170514
174478
176134
179593
176940
177388
167973
164795
156964
157854
168580
177542
160081
162477
157394
167526
165264
163988
175985
179913
166374
169555
187445
158660
160102
162751
172648
186117
168533
171036
177681
181001
182669
177133
174197
157583
159007
166155
167903
166476
184892
157941
187549
167904
158294
156007
163659
170249
179074
157486
181332
163862
178209
155450
166069
182943
178623
179701
175108
156532
172859
176339
156593
176339
159272
165418
185229
187102
173940
182085
167816
185931
171847
178356
158399
165726
184366
177381
178102
168212
180601
169209
155105
173218
157922
170960
157802
156957
184175
169830
160302
177019
163225
175203
168713
161466
160429
163821
176723
177247
174963
177089
156330
167202
162830
157826
174834
160232
180515
178768
155803
173297
175165
158621
161570
187219
175984
176700
157915
168615
183357
187067
171245
159490
182710
177651
159390
177447
169442
165085
178641
177402
185955
186024
168140
178232
158806
167176
163647
182630
159611
162512
163458
157447
156822
184515
163615
161554
176917
183463
174992
167587
171506
155292
182346
156145
181211
178348
185594
159872
158353
162979
185102
180632
170382
162849
185719
181493
182250
179949
179629
175040
172415
181132
182772
183742
173900
175635
186591
159432
175895
186681
165394
161915
165462
163248
164939
162864
179280
156598
186532
168238
186240
185063
187154
156447
162362
177237
172082
165057
178833
170714
176197
187102
176503
173485
175992
177022
165158
160052
187242
154971
160447
166425
164328
185237
170801
169632
185595
184743
169821
174648
180260
156570
169848
161616
172774
181881
168368
185195
169093
175364
181266
180599
169230
179368
167339
161370
184215
186031
156397
166863
184776
164277
155989
185712
187546
165723
181835
166931
176735
170559
183626
181082
165379
170027
178496
155014
159633
179340
167224
160140
166392
186150
178230
186219
171536
187143
178274
183996
163544
186809
162153
160651
162562
179900
160289
161125
165809
155443
181612
181426
166017
176606
158302
174662
186568
181064
171938
163122
162331
178754
175641
158432
166932
163983
179909
165215
160083
156641
182246
166907
181699
180997
185698
172561
166430
170842
176234
157729
174260
166535
174683
174885
178024
170093
167650
171553
170747
154971
164196
184828
159629
186497
182685
155534
186976
166568
185223
161786
174304
174368
157309
184126
155872
163065
186272
169224
173607
180854
179066
159692
170283
171198
187105
175635
168732
160213
159518
172566
156452
180939
158031
187275
159982
185395
182538
177087
157797
178903
181827
155621
185022
172202
184944
163245
180408
185854
177386
183833
158242
164599
181911
168589
157342
167232
168134
180261
156582
165372
185178
163146
162764
177152
177707
171400
168774
167487
174505
167834
155049
178821
178883
160199
159989
156777
155143
180338
166354
163965
161290
185068
156953
184263
170250
170636
184982
178037
186834
186370
156941
180428
169950
178920
156538
185698
170688
171930
155549
166797
163010
155464
169398
169755
174285
157257
162190
176707
159625
165042
169142
168668
161734
175400
170515
180173
167451
169458
184987
187077
169932
159826
182105
176684
175345
174614
183479
175961
171477
159082
185084
161029
157597
185072
172052
180735
187434
162323
186000
158754
164160
162712
159213
165765
158439
158325
163865
167409
169233
186087
167987
170648
163966
165823
175762
167427
169693
155132
171530
175693
170548
169631
155242
169871
172929
155323
180297
168091
160930
159180
157187
169965
172402
170569
185854
179422
185397
171133
164402
170267
176438
160658
157928
163414
171438
172271
176833
175163
159208
175556
160251
172710
179875
175842
157424
156691
163256
178897
159199
179286
157180
165404
162287
155532
160360
170480
180593
161105
167031
186597
163686
156723
162256
181788
159297
160103
183589
180874
155630
166075
155227
177299
169746
180428
167403
183771
181653
159609
186248
156505
185438
156311
161794
166829
186461
168166
174698
161715
186575
186180
180343
178520
182973
169505
170536
158892
157126
181043
180395
161593
177695
181099
174206
184724
167896
172327
155348
167729
182113
160425
173626
170107
185164
165064
181882
183076
179028
171493
168895
160954
161951
159009
159995
187260
174912
162253
184710
182635
182528
173859
163336
183716
174430
172083
172184
174060
168660
180255
187429
168589
175452
182923
160533
155233
163379
165968
180525
169260
184541
171120
167089
169518
176489
173391
160460
155897
187382
163360
160561
164481
181622
177309
155395
186482
172466
165627
175859
171718
166543
163357
165032
162710
175247
161800
187235
163120
171162
177815
175075
179819
178943
181871
165766
173367
182198
184886
159410
159608
166888
177664
157299
164373
179376
157450
168293
175691
162596
164779
184277
155976
169359
171911
174883
160245
159233
172038
168042
164115
174602
179461
171619
171913
167874
162251
166535
175868
177164
174654
156020
176289
155164
186454
173714
161359
181303
171475
169718
158169
165306
181803
168839
155290
165470
183495
161375
172369
167610
166766
186228
178736
185866
175362
164983
169263
186670
178282
176124
165030
172790
182223
170972
184859
158108
180235
180951
184664
173458
171102
181630
174529
165246
172643
171601
182757
156548
168515
155940
178515
171971
173865
166343
179375
164898
162806
171493
163845
169292
174133
173613
179036
161017
174417
180912
165263
178544
158725
155274
182616
155209
166421
181957
168110
176760
167996
174202
170577
157575
155749
178745
159139
173603
164894
169131
155833
183258
164681
163446
181426
177699
168724
175969
175175
179871
176428
183993
164004
183454
163630
176371
186486
172005
160351
170130
181574
178351
175004
163404
166661
164081
166804
173160
161256
170722
186164
162154
180854
161979
163939
167410
183263
172475
157424
172514
160911
182383
173512
167103
163075
169520
180333
165210
179419
184301
181411
167087
160305
178219
177261
163853
170794
184905
183351
169591
167370
158473
162133
183627
180749
166476
169132
165921
164403
176669
177583
157686
161115
167665
176526
171402
178259
163117
170665
178950
161967
165865
185419
182498
181784
181492
167573
172550
167399
176664
179896
187183
161011
161695
157544
178581
164774
177173
181645
163019
186455
177488
177467
163814
185299
180910
156388
161249
160829
187550
171212
181568
184857
169314
186558
182004
160675
157459
180734
158847
158309
174821
156542
168280
159496
169388
180820
162705
159595
155039
162924
184247
180978
159068
180090
162810
162081
182317
175155
155277
161385
164746
162237
174928
185153
162271
159076
185517
176505
170639
162446
162751
162763
162616
171761
175034
181172
167481
184067
156807
176514
172657
165554
178350
178861
168010
184918
164473
168554
178166
156644
160855
166014
177401
165988
166014
182864
158440
168357
168916
178755
184176
165935
163856
184642
169369
178553
160028
179869
171596
161372
186814
178707
184852
169416
181112
179248
182305
167862
183725
168153
155282
181341
174084
161829
174068
181161
166930
182638
184837
174313
162355
183464
158142
155336
179640
179698
172177
155518
162888
175979
161520
181575
185472
179527
159758
179988
184285
182306
176873
179585
175068
174483
179336
158728
179807
169733
165761
182900
162131
173762
183487
162456
184720
174929
180610
169536
167168
186626
161447
172392
179204
158151
179498
158892
156179
176965
177129
162816
168357
156459
156331
181665
163663
185795
165472
154956
184367
178887
160427
155565
173962
162933
175261
176666
178100
171237
172740
158337
186928
163227
173668
160671
160537
181593
166404
180595
172992
186422
166188
174579
168087
169460
154990
177661
179790
184975
173219
163472
182843
179474
162935
158268
164351
174254
161576
155351
171623
158733
183690
179058
173456
183012
160335
175755
178255
171464
158341
179333
184015
175170
167776
166485
174204
159013
171322
180349
160544
172319
177112
170558
159052
162703
175087
161033
165882
183702
157158
160824
183152
157553
161246
167163
164712
173062
184560
167573
161389
185020
155573
162504
175240
160656
170508
180877
166172
162150
167959
178953
179215
165532
164999
155325
183850
186341
162842
175869
183491
184661
157281
182691
186521
156088
181191
165636
171007
176168
158927
177187
158781
182239
155293
179493
170547
177737
176312
187397
177727
184157
169998
171913
183137
166958
170809
155253
185757
178109
187392
158462
161697
155154
170529
170625
177064
176523
185166
161141
175006
186995
173173
172959
175237
156886
184388
157828
166167
180372
167661
181284
165805
165813
166694
166885
157535
163580
176244
167886
180333
165055
175786
172021
181214
156150
186028
165435
171622
176529
177273
182326
164493
184847
166505
181615
171534
169292
168371
165326
163453
172698
173105
183378
174381
179988
177000
180741
158289
159791
176323
183600
171873
175250
183071
157899
164032
167720
173452
167991
175771
180339
158546
168752
165140
166435
156979
157181
162720
182503
160752
180713
168877
176259
168975
174583
170633
169507
184026
174034
180863
177390
179371
185603
186179
172255
162919
164966
168336
187344
181321
171999
183823
180440
159713
167497
174971
178647
175964
177583
185347
160591
179205
159167
161263
164470
177676
161403
176007
176521
167814
182066
160304
157282
174262
182703
172249
186189
164235
185776
159125
164376
173161
163994
178825
170345
175661
169322
164361
187476
169835
182511
166398
166957
172793
163383
157323
160923
169394
175943
167920
178670
170868
183822
167854
156083
163179
176540
166124
182661
167314
156560
172057
163878
158582
156111
165331
177358
165438
174204
174343
176322
163816
170020
185434
167721
185813
166968
178888
173851
160392
177601
178059
187388
167083
167503
181567
182280
161618
161586
159811
161070
182148
186605
182370
170018
160504
186088
169395
164270
183324
158565
185533
178761
163675
163765
179679
162794
161184
185516
187376
163358
180246
184146
161314
182361
160051
163291
184620
163465
165620
157914
166824
187377
182890
165041
170425
184373
182389
186188
173042
160433
182224
173583
183667
180239
155725
180236
173397
185881
169826
178298
182089
172491
173541
173410
159611
177069
183060
177820
165309
175712
184536
178426
156641
164726
173387
186819
187238
160391
175479
179811
179800
163456
177505
181344
159601
183615
172358
163216
179588
173405
181284
179338
167452
163403
163708
181594
170848
186017
168022
161401
182585
181426
175495
163324
185783
161124
187183
159499
157873
167231
169861
183189
181932
171971
181463
185922
174846
176383
160972
180393
167220
161119
162029
166340
185776
181190
187491
172192
181655
159196
174850
171865
169450
160426
174471
176710
168434
180068
156446
163697
176354
160389
176168
172618
160440
185633
170554
167836
164964
163447
180585
161215
159532
185799
173765
158992
186191
157283
163875
167070
167400
178695
162080
177958
162326
175469
165218
177218
171354
160541
174113
158173
177984
178307
185574
182762
183362
172355
183699
182357
168937
167121
172452
159034
168501
186940
176820
186198
155711
171594
156227
180923
157725
163786
183478
157639
169990
175654
177567
181846
184502
173624
166207
176439
168724
178526
169802
175581
176403
166609
158441
162903
165334
161586
156677
187267
162071
170598
161219
155006
184777
157604
175691
155742
171004
165836
158670
163620
173570
160251
156359
167660
186576
160348
186753
162919
159654
168769
179417
171403
185075
171122
160325
183177
170611
171204
166677
186624
162458
176622
179449
178288
172341
164505
181188
157425
181583
171702
168047
159525
159313
178708
158049
170091
177774
161074
155629
169557
166974
174162
179997
183389
178089
156878
186286
162259
173575
172207
183643
156186
180613
180348
182623
181524
186315
160592
177717
179163
185308
169263
157858
183730
184125
166810
186869
184635
179801
184417
186254
159210
179236
171705
183197
184761
178431
161422
164652
159517
168156
158235
169312
186169
183458
158135
184315
164946
168659
164338
183590
174212
166764
180192
169582
185523
178956
176053
162060
166852
170329
174482
159593
169484
157343
155807
181217
174344
165051
157786
184519
177999
186168
173103
164266
163014
159415
185672
162263
170771
164756
178854
164895
186964
164806
161649
176091
156176
178183
177036
180013
163437
181302
174701
182920
181668
165625
171052
179570
176563
171174
185561
168072
164434
166244
179731
156867
162599
183949
175830
156667
184893
159575
159125
166569
156339
174260
170121
179953
161713
155766
157768
186592
181152
167863
163993
163826
186267
175224
181127
164311
175904
185992
187060
165494
173068
183208
158448
181555
155334
157420
173578
171885
169658
175972
175846
181323
177929
178684
164816
180665
179070
156321
156432
173741
186821
172197
155071
170671
182999
162405
167129
167576
182457
187433
171155
158362
169062
185931
172526
155008
169994
165532
159372
176439
162160
176387
186050
182414
176318
183143
171504
174650
161632
164047
163085
179485
172866
159688
161670
170440
180802
174088
160329
169278
166373
174928
180508
157946
159560
161175
171572
171060
162650
184420
180227
168545
175945
161148
164177
156409
167226
181437
184206
155260
170301
168266
185191
156855
157312
182760
165783
159812
165059
164008
176640
162640
156171
169415
160506
172448
160923
166354
155371
173014
180512
178957
185880
176113
168236
168470
167610
168724
159205
156102
165205
178312
176895
163416
182085
170499
183783
184269
183193
165163
163137
156558
183845
186966
173205
180564
155859
174228
165957
165701
173882
183023
165315
168288
159858
158449
171008
176154
172838
167015
186408
176713
176106
165477
162444
181826
163279
167306
157664
161342
165173
177029
178854
181251
167137
163800
166122
174016
179536
165340
176688
161336
163402
171014
182699
160290
185018
170088
159919
167120
173756
177787
177513
170512
181240
166427
182734
162640
155695
173011
173777
165381
162323
182875
159705
174413
161884
159071
174706
169682
179992
177538
171586
160498
175938
185763
160064
184350
181399
164191
185376
162176
181669
175319
185105
184545
178725
162227
171691
181193
170890
161127
155939
170984
160730
167092
160706
175796
155325
186482
166037
176212
172244
173966
171109
175549
182603
158287
181481
160283
168370
156381
175931
187250
159752
179971
156297
156293
167705
163636
170765
186871
172299
184012
184639
174256
180275
176537
180553
164738
184877
174746
165563
158220
172331
180230
172160
158431
171917
163984
160017
160480
166322
159210
167656
175086
186894
159880
162104
175812
181117
178342
165083
166944
173527
176268
169355
160037
176325
156689
161622
158461
174291
164190
158796
167364
164550
186100
180859
164513
182575
160497
165405
180534
163904
182158
173071
161851
162783
162029
168069
158053
187385
178194
181757
179341
172825
184111
176241
167438
170809
181028
186577
179311
163032
175686
156848
178498
166988
178271
179774
155979
172378
184311
161910
172005
183556
166098
181144
156066
168354
181178
165338
170546
155956
164735
158810
156038
185847
168763
165976
158772
186678
156122
183458
156446
175203
177882
163663
155215
165990
173136
160688
165669
182069
186924
172164
173493
183205
179901
157291
171371
170880
159864
170654
171249
155607
169205
174556
165202
180121
170298
157608
183392
182373
182076
155057
155219
186781
185507
176018
180914
181692
184014
157371
166007
171497
165911
178863
179566
187340
158296
174449
160990
155040
185006
160824
172395
157833
187004
185450
181819
173352
176563
163016
181080
182893
159313
178918
180565
158381
161064
183519
163893
169717
155617
180038
167304
183453
164928
157536
173527
155936
164010
183696
181570
155691
160228
171026
174952
167923
177693
157164
185991
167884
155951
186914
178660
181496
181794
177962
177006
166332
178673
168607
165022
185017
160657
182586
184993
179834
175408
174845
160185
181066
158395
178097
163809
159560
166306
163731
168624
159421
163295
162891
162943
183468
155701
161309
158926
172459
176565
182627
159716
173298
161927
172091
168374
185266
170471
160893
174090
172712
169326
159216
165852
159217
165267
159933
174593
170784
166257
159779
164618
172430
162763
186733
168555
158961
170829
174881
158941
183856
165908
167035
181760
159350
178801
162073
179525
161926
186090
185592
160267
158798
164738
162975
172808
184510
172603
173466
154859
178138
169176
172842
162879
182542
159207
156475
165523
181698
176895
178070
171736
179247
169031
180056
170250
187505
179511
165027
160019
173021
172707
172691
174316
184980
160245
165748
184837
155480
165306
173874
181735
155039
164704
176656
184856
166374
165437
172957
187198
159816
162772
179685
179080
155983
169300
181476
155722
174346
160354
167488
158439
179296
157976
178487
186612
184483
167758
172757
161690
168297
157976
158315
173628
157847
155791
170558
175194
167102
158421
182396
173750
182699
163411
181364
184245
177977
179781
173061
173831
184938
163705
181591
179338
175286
166483
170186
172652
173475
179733
182060
182929
156310
162141
165935
185140
162025
158704
179482
165584
163389
177589
172990
168769
160530
161541
177580
179238
179093
177698
165797
167051
170680
179716
179538
183237
156552
186972
156981
178588
185532
169171
184544
185776
184969
186258
179557
177685
160446
170248
155661
176449
167692
160999
174925
155432
184741
185968
155637
177573
159754
169969
179883
181276
165917
179084
159128
184926
185214
172345
157281
157388
173332
155150
163929
161728
156906
170175
158453
183336
163389
167777
175232
184180
160723
174707
162063
154803
167566
180510
161208
181496
186944
160444
179199
169219
156865
178584
176529
155165
160575
170740
165941
165444
172502
170065
162303
156552
172384
181738
169414
173749
165775
174722
176089
186674
156985
183391
183022
160297
169714
167831
167259
181992
164832
182666
169609
187016
179915
175536
182437
184524
179572
161685
187032
165963
170536
161313
181818
171986
168852
187421
157378
158468
179931
162291
187266
170563
172006
181429
164561
170452
171004
183905
172360
158781
162450
168804
166193
164850
157796
180572
185916
155697
176324
187170
168308
160043
172338
155144
184690
165732
183086
183391
174800
184924
170058
180541
165089
176751
156803
160125
173727
156154
168657
179718
167909
178623
184317
179025
160479
169099
161715
184869
156094
169494
184280
155045
165040
186666
167453
158349
158735
182535
187349
162745
185048
174599
183300
161767
157024
169342
161720
173245
155714
158948
177308
185102
170908
165942
170442
172121
185979
172953
181985
160146
186003
184385
172375
166693
176180
158865
162833
158265
182905
157571
154929
181041
160707
185163
185904
182649
170597
166711
172588
173183
163233
159962
163459
177663
158420
164969
160160
169348
187117
187493
160789
156972
164899
180346
176106
156587
177128
158632
182837
155538
165144
178592
158443
159698
181879
181105
161526
169339
173402
175971
176264
174794
159908
178211
176558
181091
165876
175905
161064
156123
183069
163383
156024
173689
171479
158859
166457
187198
185268
174774
170930
164130
170069
158246
173227
180897
174045
164800
176767
159606
158630
160202
160627
157095
184115
172297
185158
166849
156006
154918
181770
180325
169459
187479
177458
156419
178965
175675
180971
186854
161664
168453
186288
178545
156822
161756
175640
159912
170205
176514
184563
171762
177841
169524
180118
161564
185142
171474
175219
185250
182673
177984
166381
155690
183896
155148
186730
162898
186182
176977
159913
179115
174900
171483
174422
173829
175684
177547
175835
172782
179808
163325
155258
171893
177123
177257
159128
161076
187029
177351
182876
168845
161501
178743
158329
156723
174898
163487
162888
165868
184787
163222
175642
184470
171704
155265
163788
171112
171464
182779
184988
161403
155980
175739
174906
172169
160932
178224
186915
158196
157496
163888
163370
161802
164786
177874
169303
156551
165739
183640
167925
184155
159266
156370
170471
154798
173556
161855
167483
172066
180104
176116
182530
162904
159371
171074
183134
165301
159324
155987
157148
185190
171784
175701
154884
156065
159352
184794
179247
157998
156137
159103
182937
184359
185245
167116
186039
169980
178384
172892
183243
158905
164846
177726
