22096
24430
23211
25620
24629
25457
23835
24319
25381
22709
23780
25109
25382
24394
24196
25920
23430
25993
23418
26101
24827
22169
24945
25787
22441
22114
22839
23547
25003
23082
23589
22093
23879
23935
25597
23196
25397
24439
23566
25974
23218
24235
22781
25950
23400
24612
22388
24318
23261
24405
24608
26065
24979
23141
22238
25336
26048
23112
22475
25604
25530
25492
23109
25524
22664
25086
24539
25210
25135
25059
22382
23811
22829
23510
23821
23283
23143
24965
25223
22947
25284
25753
22359
23882
22151
24252
24745
23242
23983
23947
24049
25152
23406
25145
25955
25479
24423
22886
24543
23953
23993
24110
22089
25839
22377
22893
24465
25480
25206
24318
24288
23411
24735
24462
24368
24542
22643
23811
23269
24536
26138
25256
23011
24952
23678
24249
22427
23428
26078
24286
25461
24941
22581
24899
22095
22445
22711
24946
22185
25682
22847
24082
25144
22795
23823
24123
22510
22267
25441
26033
25907
25916
24214
23545
22324
24813
23908
23217
24936
23988
22434
24552
22422
22773
22129
24664
23464
23769
23239
24407
25691
22196
26042
23534
22519
25269
22950
23759
23975
23932
26019
25057
22373
22236
25368
23705
24690
25817
22285
24229
23192
22900
23764
23157
22797
25113
24396
23043
24792
22655
26053
24201
23391
22649
25047
24107
25182
26097
25369
22725
23678
26005
24361
25736
24356
24344
22657
22542
24513
25750
25703
24017
24416
22909
22438
23228
25225
24770
24033
25406
22514
23274
23636
23236
23542
23623
23279
25537
23201
23499
24811
24460
24117
25660
25712
22388
25016
26067
24210
25200
23794
23858
25446
25183
25995
26068
25742
24361
23998
23867
24007
23441
22473
24703
23526
24423
25987
22856
24295
25381
24366
23226
26054
24760
23537
25578
23049
23991
22967
23776
24576
24567
23897
24502
25711
24382
22080
25246
23221
22429
25215
25385
24062
23061
24204
25620
23577
23288
25887
23211
24569
23524
22346
25848
23755
23308
23659
25402
22613
25407
22523
25778
25267
22320
22104
25334
23094
24715
25319
24754
23436
25085
22335
25510
24522
24128
24930
23163
24298
22906
22261
24555
25310
26105
24027
22980
23920
23834
25979
25946
23094
23493
25905
22822
25838
23526
23250
24477
23019
23231
25442
24050
25423
24243
24567
25610
22534
24776
23434
26171
24995
22817
25997
24317
23774
24904
22205
25734
22836
22421
23298
24912
23680
25548
24309
25297
24682
25885
23707
26125
23399
22909
26028
25514
22712
24045
25031
24094
23544
25278
24058
22119
23378
22585
22999
24494
22413
22448
23186
23892
23418
23227
24417
25670
24303
24559
23418
22351
23352
22805
23595
22528
22786
25131
24031
22531
23694
24534
23895
24624
25877
23742
24969
22120
23847
26072
23383
24548
24093
23000
22887
22789
23280
22374
25854
24030
25695
24301
25906
22488
25273
24240
22575
24035
24342
25335
22478
24040
23245
22259
25394
24043
24127
24669
25864
24042
25564
24728
24479
25075
24310
24942
22926
22579
22583
24288
23093
25567
24582
26155
24061
25301
24805
24115
23998
25629
24030
24955
25747
25866
22843
25448
25131
23998
22102
22842
23795
25049
26148
22986
23689
23498
23302
24975
22462
22726
24227
25588
23901
24378
23326
25486
24279
25330
23166
24355
22794
23341
22185
23790
23600
22691
22654
22577
22520
23523
23750
22685
26024
25356
25846
24521
25545
22631
25716
25873
22403
25742
25780
22629
23434
24277
23902
24200
22250
24338
23755
23251
25529
22570
23875
23539
23907
24804
25535
22495
24517
22689
25893
23155
24675
24190
23578
26013
22367
22379
24797
24191
25188
25082
23032
24297
24359
25907
25566
22315
23265
23479
24883
22884
22282
25903
22832
24120
23872
25503
24631
26063
25974
22728
25710
25117
22400
24209
25049
23260
22309
23739
22883
23276
22829
25801
22935
23528
25321
22728
23821
25782
22273
22558
23492
25798
23030
24486
25374
23635
22375
24802
24316
25977
24519
26059
25263
23693
22728
23000
22355
25007
24923
24752
22353
23976
25062
23482
22738
25208
24047
26020
23117
22499
23963
24857
22996
22308
25111
23519
22362
22161
23947
22447
23111
23334
22606
23891
23196
24039
23127
25203
22310
23831
25555
24799
22555
25701
23264
25395
22418
22414
22411
23475
24224
23037
22523
24583
25549
23303
25683
24420
25539
26106
22733
24849
22157
23440
25430
25079
22694
25582
22587
22689
22337
24347
22909
24190
23421
25599
22300
25538
24508
24422
25690
24422
24808
23592
25975
23414
23800
23422
25283
22391
22922
23627
22455
25893
25519
23529
26090
23275
23651
25614
25980
22470
22482
23548
23595
24381
25399
23249
24783
25178
22426
24661
22572
23290
23050
22735
23466
25609
25274
25634
24266
25363
23437
25551
24495
26154
23549
25047
25217
25284
22490
23724
23288
22687
25521
22249
25817
24091
25598
24203
23033
24662
23799
24561
25933
23246
25663
25063
22366
22872
23818
24777
22732
22429
24430
24282
24041
25651
25599
25580
23321
23052
24338
25752
22652
24444
24483
25621
23097
23015
25849
24271
22711
23749
23162
25970
23542
24827
23967
25399
23388
26154
24124
24243
24053
24040
24169
22886
25609
23490
23278
22665
24255
25780
23024
23288
25663
24288
23702
22734
24975
26053
24328
25336
23363
24764
25587
22127
23486
25950
22184
24416
24761
25112
25526
23242
23539
25678
25247
26138
23374
26018
23065
22244
23771
23477
24638
22419
23305
25677
25482
23068
24403
23018
24341
23206
26097
25787
22733
23288
25048
24969
24866
25492
22680
25028
25743
25034
23934
23673
22899
24876
25363
22248
26046
22198
24926
23673
24437
23254
24429
22992
22976
23987
22139
25272
25492
24030
25456
23343
25020
23313
23309
22129
25448
25423
22567
26094
25258
25291
23714
23902
25148
24505
24977
24878
23637
24493
22658
22779
26054
23861
23662
22138
24049
23174
22260
24901
23793
24102
25962
25729
25444
24275
24816
22332
25678
23533
23770
23346
23277
23522
24883
25141
24472
24343
25533
25511
22345
23546
23413
22365
25361
24543
24773
23959
23229
22220
24624
23436
24279
25843
25393
23866
23447
24494
24019
23759
24057
25331
23101
23420
25553
23605
25261
23296
22315
25811
23587
22618
23023
25480
25275
25202
23447
23996
25724
24379
25460
23053
24975
23261
24464
25482
23437
24169
25389
22424
22733
25728
23954
22166
23028
23795
24299
25443
26074
23426
24234
24113
25757
22222
25146
24548
26008
23052
25855
22509
25513
22653
22373
23556
22209
23980
22558
25817
25332
24027
23962
24335
22453
24401
25042
23776
23679
25177
22771
24902
24090
23724
24798
25305
23793
25224
22889
23744
22772
24888
22442
22932
25188
24821
24354
25966
23158
22413
25231
23412
25882
23915
22774
25041
24362
25757
23752
25964
22815
23309
22377
22323
24154
23506
23133
24893
23546
23634
24992
25439
24689
24864
24167
26048
23330
24350
24373
24160
22137
24360
23794
25294
25430
23468
23826
23165
25396
23972
25116
22345
23761
25117
23457
25968
22365
23223
22778
24979
24199
24634
22935
24352
24424
22199
22341
22603
24047
25843
26087
24783
25250
24943
22351
24261
22130
25471
23858
25593
25757
23152
22807
25230
23521
24561
24770
23967
22481
24317
24121
25567
22726
22799
22640
23712
22180
25189
24859
26038
25272
24475
23319
22256
26094
24150
25573
23618
23748
23717
22199
23278
25491
24018
23120
24485
24611
23142
23986
25149
23996
25771
24154
24571
25582
23311
24795
22342
25742
23286
24371
23174
22244
23502
25146
23081
25828
23337
22541
24377
23545
23345
24760
23392
24250
24639
24908
24584
23541
24701
25095
26093
26045
23008
24386
22749
24779
22812
24701
23506
22426
23105
22187
23538
24111
24396
22952
26034
25363
24679
23377
22098
24438
24351
24245
25160
25545
24303
23829
23949
25992
25028
22877
23375
23044
25212
23161
22127
22342
25012
24290
22459
23567
24295
24005
22531
25632
24357
22761
25815
25263
23967
22397
22085
23218
22213
23823
23924
23975
23218
23956
22889
23282
22440
22652
22079
25592
22342
23099
23387
25543
24698
24040
22695
23793
23871
24350
25856
22899
23476
25313
25448
25652
25673
22868
23986
25896
23162
25307
23241
22269
22651
22122
24043
24655
22706
24418
23230
23461
25718
23720
25139
23309
23986
23119
23711
25491
23651
22429
24853
26048
24816
25893
24006
22172
23424
24388
25592
24163
24595
25086
22615
22506
25301
23727
24251
25050
22548
22971
23871
22291
23424
25125
24161
22363
23787
23242
25215
22479
22763
25950
25774
22355
22956
22271
24746
22328
24210
23577
22580
23787
23518
22358
25979
22508
22677
22811
22415
24497
26072
23330
25391
23291
25060
23972
23473
23015
24288
24775
22971
24473
25460
23029
24137
25294
23213
23263
23094
25078
24076
25290
25117
23678
23387
22818
24841
23693
23672
26108
23487
25335
23968
25469
25031
23221
25182
25692
23981
23094
24948
22955
24892
24766
24949
22898
22336
25502
22216
23879
22296
25037
24088
23134
25212
24484
23162
22760
23575
23039
22140
24574
22563
22839
22728
23789
24389
22485
23411
23994
24908
22108
24101
23231
23155
24120
23868
23080
24374
23386
23759
26085
26154
24402
22499
23418
25055
24718
24796
25188
22102
25241
25138
22692
24978
22381
23517
23519
25269
25297
24493
25758
23557
25277
23412
26002
25854
23019
25797
25861
24671
25044
22652
26110
26161
25258
22706
25014
25062
24242
25666
23639
24593
22496
24711
24504
26166
22869
22780
24311
25190
23181
22622
25951
23328
23272
23485
26037
25173
25534
23258
25987
23734
22165
24883
23035
22151
24785
25169
23472
23685
24542
25783
22363
23719
22877
22360
23538
23366
24603
24026
24573
22139
23505
24533
24309
25773
24443
24165
24794
25762
23337
22251
22903
23942
24006
23613
22662
22264
24347
23493
22888
25555
25060
24451
24176
23657
25843
24264
25381
24379
26130
26079
25521
22174
25267
22749
25679
22386
23075
24425
22741
23929
23837
25820
24806
22095
25579
23017
25297
22483
24582
24401
23991
25305
22374
24492
22590
25135
22383
22114
24344
23121
22604
22399
22351
23425
22939
22287
22718
23207
22494
22435
22399
24487
26101
25871
24441
24983
23278
22420
25820
23084
26160
23938
24207
23812
23065
23495
25724
24827
23521
24394
23759
23234
23783
22221
25619
24104
22753
25783
25387
23966
24136
23285
25302
24335
24389
23615
23253
25622
23378
24332
25727
24247
24468
22953
25645
24088
23165
26126
24051
23752
23554
25101
23099
22786
24447
25516
23980
22719
22503
24473
23828
22818
22900
23287
23346
24282
25398
25597
22998
22930
25706
22452
25226
22608
23743
23545
22695
23286
24318
24082
23214
22760
24470
22971
22651
26027
25495
23340
25104
25770
23706
23506
25119
23839
23221
25995
23262
25473
22559
23101
22359
22199
23523
25456
23190
22649
22924
25039
22813
24431
26147
24615
22985
23015
24107
26134
23418
22951
24742
26161
23038
23719
23350
24323
24700
25400
23268
25831
22273
24838
25650
24716
24522
22757
24035
25069
24976
25099
24898
23783
25886
25177
25179
26066
26083
25802
23599
23527
22880
22148
22417
23158
22487
23537
22103
22103
23007
23777
22806
24439
24300
23962
23498
24314
25621
26096
23904
24373
22723
22787
24247
25299
24175
24630
24222
25200
25530
24254
23857
25752
23221
22091
23827
23083
22931
24048
24292
24674
24515
25688
23261
23017
23958
24110
24985
24574
25804
23540
25424
25648
23061
24561
23144
24088
23162
24711
23544
22702
25304
24166
25482
23902
23220
23408
24079
25566
22234
24283
26056
25535
23068
23568
23591
25203
22279
22943
22429
25771
22175
25045
24342
25876
23288
23828
23208
24052
24316
25054
24830
26143
23814
23057
24428
22735
22268
24749
23984
25338
25092
23461
22524
22633
24351
24347
24428
22119
23100
26101
23805
24429
24547
22330
22480
25433
23342
25529
25934
26107
22266
23422
23676
25967
22207
22553
24765
23807
24411
23227
25947
24285
22736
24630
25328
23638
23382
25016
24185
24007
24676
23233
24575
23319
23495
25392
22886
23856
25838
22975
24087
23947
23863
23805
25032
23930
24134
24559
25889
26011
22445
25654
25753
23645
25008
23519
24985
25027
23267
24408
22640
24178
24276
24376
24255
25493
25760
22159
22294
23803
23766
25791
22590
24979
24707
24301
23667
25121
23995
23304
22476
24954
25565
25130
25071
23422
24379
23394
24067
24444
23987
23907
25337
23153
25479
23742
25527
23416
22855
22973
23235
22983
25149
23355
25628
25419
25295
25290
23884
25470
22715
24485
25587
26070
23566
25016
23289
22945
24094
23931
24557
24868
22192
22615
23347
24314
22366
23319
22716
22765
23198
24037
25723
22195
24271
25573
24881
22466
22209
24845
23657
23996
23861
22742
25266
23133
23175
22683
25145
24524
25885
24956
24323
22109
23036
26110
25531
22599
24019
25467
22083
22229
23539
23903
23327
25522
22339
22126
24063
22829
25143
23700
22519
23149
25735
24140
23479
23638
23441
25667
25161
26099
25943
22365
24479
25243
24275
25718
22169
23701
26034
24457
25358
25725
25470
23086
23469
23909
22933
23107
22254
26077
24130
24258
25851
24138
24951
23359
25869
23952
24163
23443
23431
23795
23288
24135
22143
24341
24442
23185
25439
24487
22245
23202
25838
26097
22940
24204
23052
23740
24285
22473
22156
24681
26132
23422
24134
23640
25249
22895
25385
25669
25943
23900
25760
25830
23669
22467
25776
22975
22689
22335
24751
25334
25799
24023
24322
25420
22767
24197
24504
22301
23518
22522
22166
24964
22180
23884
22160
25203
24443
25561
22936
23264
25505
24875
23333
22815
23304
25673
23425
25385
22510
25107
23668
25095
23771
26009
25838
22987
24257
26077
24249
24074
24020
25654
24247
25727
24490
22695
25942
23551
23559
22117
22936
24539
24563
22425
25316
24985
24990
26033
23117
25112
24327
23488
22883
22272
22396
23745
22133
23157
23506
22559
23923
24646
24044
22087
22137
22945
25940
22953
22962
24559
25782
23676
25422
22688
25850
22629
22201
25537
22290
23982
24157
24917
25182
23645
24907
22297
22285
24480
25385
23353
24974
25227
22953
22937
24356
22594
24967
26105
23297
25917
22767
25543
24872
25332
26043
23444
23692
25834
22304
24505
23315
24353
25824
24541
22444
25953
26077
25814
22693
23543
22873
22161
26059
23188
22351
24457
24434
25952
25756
25349
22747
22739
24224
22205
25811
22228
23923
26105
26044
22174
23473
25785
22749
23952
22453
25164
22447
24484
23815
24248
25556
23999
25846
23350
24269
23911
24826
22516
22388
22687
24681
24265
22750
23137
24001
26139
23431
25917
22206
22736
24660
24342
25171
23409
26092
23540
24562
24451
23986
24240
25886
24705
23289
25421
24744
23686
22463
25010
22768
25063
22780
24021
22306
23615
22409
22547
24203
23430
23793
23595
23344
22985
24778
23068
24420
23331
25074
24154
22267
26044
22485
23664
24950
25165
23146
23217
22287
25207
23589
22164
26054
23346
24925
24989
22109
24982
25576
22845
24676
23820
23337
23156
25483
25291
23638
22911
24168
22252
22547
23029
24815
25823
26155
23509
23936
22469
22857
25151
24187
22945
23379
25197
26108
23688
22843
24711
23525
23326
24399
23743
23023
23896
25076
24159
22322
25288
23229
22822
24548
24120
23742
25357
25661
25373
23383
22725
23020
24983
22839
23028
24147
25135
22144
26079
24087
23621
24981
22707
25599
22525
24183
23289
22093
23422
22798
22607
23415
23742
22201
23796
23821
24012
24382
24422
25371
23294
23735
22337
24025
23976
22095
24676
23392
25128
24904
22681
23038
23742
22593
22239
22852
23865
22416
25568
22714
25278
24728
22406
25765
22596
23911
24976
25371
24045
23199
26128
24410
23282
25113
25577
22543
26009
22305
22383
22666
25420
25334
23447
23215
23774
25533
22989
25667
25525
25404
24638
23211
23432
26116
23704
25945
24871
24223
23638
22399
25598
25055
23627
23117
22095
26159
25626
23735
24315
23739
24097
22501
25532
25543
22548
22646
22555
26149
24512
23757
22774
23895
25244
23482
23087
24087
22705
24151
22765
23774
23145
26013
24901
25918
23022
24851
25791
25889
25975
22286
24014
25308
22237
23052
22165
24318
24461
25081
22135
23395
22980
22774
24199
25585
25523
25175
24392
23262
23791
24482
25515
23625
24936
24303
25779
23866
22085
25175
25201
24119
23987
22637
24652
24389
25193
23923
25287
25442
23889
23786
23549
23149
26101
23783
23496
22422
22101
23445
22978
22248
23464
22514
23441
25655
24684
23802
22543
24127
22901
22864
24566
25573
23566
22815
25470
25457
25517
24462
25795
24571
25369
25746
23086
25666
25930
23538
23313
23350
25904
23159
25112
22593
22302
25309
24144
24092
24248
24005
25349
22309
23539
24449
25548
23043
22384
22401
24157
22953
23809
23839
23654
22961
23675
23325
24010
25834
22645
22416
23513
25673
25521
22723
24455
24345
25085
23538
24299
22216
23436
22351
22873
24503
22330
24318
22105
22342
24321
22745
22207
22407
24990
24369
24230
25585
23858
22863
24886
25134
24710
24381
25155
23312
24024
22256
26076
22327
24559
23757
25811
23555
24148
25884
23261
23844
25722
24174
26129
25882
23545
22670
23824
23887
26046
24445
25990
22442
24941
24071
23353
23891
24566
25229
22300
23018
22607
23473
25417
25826
26102
23931
23259
24385
22665
22981
25697
23573
24010
25506
26083
24288
24060
22735
24416
26079
23742
26048
24012
24248
24133
24416
24009
24827
22942
23961
22247
23991
24374
25727
25769
22592
22264
25832
24848
25854
25179
24055
24288
25992
24061
25230
23777
25563
24229
25051
22760
26090
23520
22220
23256
22254
24723
23060
22851
25528
24208
23614
25390
22174
22841
25886
25091
23502
22651
22466
23827
25106
24012
25003
24684
23561
24525
24099
22312
25594
24428
25455
24298
23823
22588
22387
25266
24194
24236
24400
22760
25868
25501
22629
25097
26111
25313
22455
24784
25693
24468
23050
22341
24500
25854
23260
23455
23930
24435
22507
25749
25293
23338
25212
26167
26066
22405
23230
24831
22665
22191
23039
25972
24406
23522
23191
24093
24598
25432
23867
25328
24797
25465
23934
23845
23026
23055
25964
24048
24997
22778
24318
23062
22077
25437
23422
23897
25671
24439
24988
22111
22686
24203
22667
25502
22842
23527
22970
22159
23933
22890
23823
26083
23593
22915
25400
24807
23801
22543
25723
25471
23405
22540
25224
24646
22089
25549
24625
24856
22483
22527
23739
26134
26094
22219
24913
25912
24744
22679
23389
24063
22139
23585
25872
25622
22991
22725
23085
23028
23008
25277
24926
25479
22328
23183
24178
22159
23976
24484
23384
23268
23068
22362
23029
22905
23001
22085
24981
22460
24915
22307
25468
23910
22304
23506
22867
25874
22696
22755
24411
25129
25282
26165
23726
25145
23711
23937
24180
23899
23106
25665
23279
24257
24242
25952
26150
23972
24508
23905
23643
26102
24362
23878
25813
24670
24053
24631
25781
23534
25087
24959
24525
23085
23864
22183
23599
24593
23989
24382
23647
23639
23356
25882
25998
24423
25922
23118
23717
25869
22429
25960
23324
22174
23069
24952
24478
22848
23710
23466
22685
22836
23150
23511
22143
25971
24678
24782
23811
23423
22328
24258
24491
24147
25346
24367
22442
23414
26085
24210
22429
25991
24681
24255
24017
23804
23288
23301
25843
23547
26168
26159
23748
22791
24336
24506
23367
23728
22434
23406
25253
23709
24389
23299
24575
25495
22205
22906
25740
23734
25727
23606
24298
23053
24326
25683
23501
22910
22125
24558
24819
25446
24602
25019
24399
25758
23109
22571
22129
23865
24097
25418
22311
23138
22719
25326
25330
24448
23841
24659
26031
23321
24306
23612
23160
25035
22809
22407
24985
22518
23320
23073
24955
23985
25783
22943
26126
24892
24041
23981
24008
22716
25606
24354
23223
22311
24101
22339
23359
23573
24560
23625
23303
23086
24192
22823
24142
24825
22114
25423
25495
24983
25103
24476
24799
24061
23861
24427
23329
24976
22778
23421
22185
25876
23212
24216
25668
25096
22294
22569
23402
26013
23747
23355
23363
23124
26135
23882
24351
24524
25052
23339
23419
23588
24396
23380
22873
23542
22514
24497
24641
25578
25340
23582
25441
23767
26116
22780
24883
22371
25524
22288
25679
23985
24715
25868
25431
22589
25250
25689
24384
23502
22989
23207
23057
22831
24902
25898
25005
25416
25839
24130
24314
25362
24322
23396
26157
24343
23768
23982
22077
24176
24454
25944
25940
23372
24061
23027
22296
23900
23772
22988
24434
25946
23842
26121
22152
22280
24574
22359
24914
25757
22148
22317
26023
22239
23335
25864
24193
24511
22671
26112
23741
23751
24928
25875
23525
22682
22611
25196
24516
24384
22337
22983
24372
25179
24234
23091
24136
24638
24463
23601
23872
25809
24954
24259
22765
25335
24063
26005
23531
22389
25744
25158
22110
25330
22864
22760
25776
25871
26038
24477
24382
24752
24185
24732
23693
23984
25526
23608
22116
23978
23919
24196
22711
23884
24075
25483
25879
22632
23305
23023
23288
24931
24267
23716
23083
24236
24965
25553
23089
25671
24229
23565
23571
24575
23306
23748
25424
26170
25364
23105
22691
25057
24860
23101
26028
23645
26146
23234
23627
25564
24091
24373
22338
24452
22743
22238
22078
23240
24611
22967
26033
24179
24337
22759
25444
22929
24057
23276
24187
24218
22281
23092
22181
24028
24099
23141
25761
25686
26056
25247
22434
24285
24360
25737
23305
22509
25833
23377
24239
23801
26105
24074
24225
24695
25852
24697
22947
25477
25829
22892
22523
24415
23473
23281
22488
24152
24906
23432
25787
23576
23592
25205
22093
24496
24547
22332
24222
25552
22780
23822
24325
22834
23539
22105
23580
23585
24422
22384
22818
25360
26157
22272
22347
25944
24502
25517
23249
23812
25262
23220
25428
24326
23336
22970
24007
22927
23893
22179
23046
25086
23836
22490
22758
24164
22494
22235
25103
22111
25256
22519
25334
22791
25471
25306
25239
24506
26091
25705
25549
24375
25645
25856
23708
24006
22146
24433
23323
23103
23873
25051
25021
26156
23606
24374
25426
22976
22821
25975
25692
22917
25342
22261
24259
25155
22876
23779
24301
26116
24597
25927
24113
22634
25211
22618
23318
23628
25797
26019
24549
23977
24898
22970
23287
22331
25415
24618
23876
25327
22931
22556
25661
25699
22686
24618
23339
22859
23999
25937
24519
24543
22260
22257
23546
22172
25915
25363
22408
25488
24255
25505
22374
23636
26086
23981
22402
24910
25047
24514
23481
24419
23940
26046
25087
23149
23921
23185
23508
25515
25179
23666
22446
23996
24920
25251
25879
25969
23935
25625
22961
24797
24678
23448
24399
23182
24588
24351
22754
26088
23206
23494
23046
24939
25720
25873
23779
25342
24193
25031
23624
25788
25227
25565
26090
24810
23563
23186
22515
23753
22565
23242
22363
22316
22583
22334
24402
22843
25241
24484
24151
22841
24909
22893
23054
22245
22393
23971
24960
23262
23420
23867
24040
23417
25727
23850
22969
25006
25695
22646
23109
24847
23450
22206
25910
23506
26064
22772
25647
26112
22389
24935
22231
25897
24059
22383
25660
23043
23211
22513
23627
25113
26006
23337
22855
25538
22690
23224
24553
23463
23256
24330
22349
25560
22818
22617
26150
23156
23639
23449
24572
23291
25787
22186
24049
22464
23083
23793
22446
25101
23624
23622
22284
24188
24776
25194
23599
26141
23078
24218
26168
24233
25101
23196
24861
24991
23623
24574
23461
25082
24950
25230
24152
24171
23261
24996
24414
25541
24878
22973
22989
25417
26043
25534
23181
23025
25913
25386
23606
22278
24146
23802
25902
24566
24499
23955
24831
25906
23448
24622
26086
22350
23964
23053
24140
25614
25766
22265
25946
24532
25307
25978
22120
23892
23066
22513
24025
25039
23268
25956
25829
22491
26139
22790
22091
23018
23662
25906
22091
25634
22423
23193
25369
25064
23309
26128
22343
23288
22397
22994
22240
22781
24398
24635
24446
23830
22392
25333
22374
23011
24014
22921
22521
22190
23363
22241
24679
22737
24913
26030
26067
25014
23435
24542
24594
24403
22180
25479
26143
24275
25391
24202
23309
23969
23394
25781
24348
23485
22130
24352
23262
22682
23750
22746
24124
23887
25368
23377
23280
24386
23634
23639
23570
23975
23828
25914
22987
24901
24449
22537
24204
22859
25104
23302
22278
25428
23563
25256
25692
24223
22995
22628
23326
23049
22574
25866
22307
25343
23900
23445
22718
25950
23607
24305
23547
25508
23713
23566
22648
23931
22842
24886
23483
24091
22894
25535
24105
25304
23222
25861
25759
22712
24270
22899
22909
24092
25436
22557
22417
23297
25643
23892
23835
25905
25376
23662
24186
23548
25821
22839
25966
24106
22230
26159
23967
24447
22491
24295
25403
23057
25052
23995
23689
22482
24099
24139
26029
23132
25640
25858
23519
25826
23537
22283
22982
24249
26014
23264
25531
23502
23261
24567
22379
25283
24423
25837
23558
23566
22456
25498
22132
23250
24476
22650
24309
22422
23049
25693
23994
22319
25286
22175
22221
23791
25573
24259
24052
22348
23118
22943
24878
25712
24101
22319
25599
24141
23977
25921
25772
23901
23841
22527
22229
23485
25815
22593
26160
24365
24250
22519
24249
25215
23104
24569
24751
23605
26044
23728
22766
22233
23228
24549
25716
25529
22978
25115
24345
22896
23736
22263
23464
23299
22325
25576
25055
22551
25302
22885
24747
25553
25828
22311
25643
24242
22392
24275
23183
22495
25929
22470
22237
23291
25260
24413
24447
25670
24901
22469
23527
24438
23377
25177
23534
22575
24241
24307
25715
24365
24377
24486
22164
25950
23911
24392
22351
25296
23176
22256
22813
24969
24795
22643
25400
26023
24702
24517
23930
23769
25904
24026
23223
25335
23149
22732
22269
25939
22637
25163
22655
26129
25175
22973
25440
24715
25987
24515
24551
22974
25998
25873
22893
22540
25253
22373
22563
23803
26146
25395
23939
24746
24054
23487
23305
22621
23915
25362
25686
24164
25013
22141
22369
25647
26060
23431
23371
24570
25494
22511
22158
25330
23864
24281
24120
26068
23890
23975
24001
23606
26030
25177
22223
24599
24688
22631
23313
23008
23265
25468
25182
23879
25670
25785
22705
22348
26130
25505
22500
23122
22947
22155
24168
25377
22858
25436
24996
25036
24316
25975
23386
25197
25986
24505
26158
22535
23535
23478
22340
26096
23258
25686
22092
22297
25294
22330
25192
24641
25183
22709
23031
24631
25374
23480
23705
25302
25323
22649
25513
24604
24751
22631
26078
25527
24018
22335
24344
24537
22729
24040
23217
24373
22647
22642
23270
23962
23439
22627
22957
22235
23751
22934
22546
25362
22277
22629
25266
24342
22268
23900
23199
25032
26062
24895
24808
22597
23095
23253
23767
24222
23269
22605
24181
24100
24846
23364
25076
24448
22198
25389
24730
25583
22847
23960
24468
23837
26103
23915
24977
23178
25542
23058
25442
25278
23292
23528
24466
23785
22366
22197
24292
26009
24560
25519
23416
24063
26017
24585
25733
22726
22280
25376
23150
22405
24061
25955
26010
22296
23421
23718
22778
23130
23292
24089
25018
23661
22738
25440
25321
25380
25997
24270
23915
25257
25169
23105
22383
24390
22413
25855
24621
24396
23038
25645
26076
25846
25884
22748
25345
25973
23940
22512
26112
22955
24478
25311
24490
25794
24988
25614
22945
24668
22271
24693
26019
24885
25564
26124
22419
22437
23637
23836
23541
22744
22375
25259
25021
25684
22904
22866
22970
22900
23755
25043
25906
22437
22931
22830
24155
23993
25383
23250
24916
24502
24627
24829
23428
22841
25219
25035
24343
24402
23449
22211
25134
25781
24924
23489
23526
25145
22903
24489
24609
24625
25607
23989
24789
22566
24465
23167
25683
22218
25735
25741
22393
24500
23088
24053
23070
23951
22235
22940
24729
26074
24298
22371
26107
24529
26005
23728
24341
24496
26054
24350
26140
26012
22761
24261
25430
25447
24227
22810
24246
23207
22477
24285
26143
25626
23817
23942
25151
24355
25363
22637
23735
23644
25535
23929
24390
25960
23161
25483
22163
25405
24886
24976
24079
24149
23336
22983
25455
22077
25564
24381
25203
24805
22997
22758
22229
25577
26156
24153
23593
23426
25842
23306
24964
23198
22620
24515
24199
22988
25073
24205
23005
26098
25155
23090
25655
24234
25954
25155
22455
24917
24335
24809
22975
24252
24861
24525
24873
23537
25581
22565
26057
23346
25531
24041
23902
23468
24124
24203
22836
24477
22825
23865
24554
22182
24593
25578
22911
22119
23651
24071
25839
23414
25603
22964
25971
25784
24537
25799
23666
23816
22568
23132
25478
25691
25040
24261
23513
24424
23077
24749
23320
22380
26151
24157
24487
22644
22234
25431
26069
24710
24454
25262
24063
24016
22358
23763
23843
24372
25254
26088
23739
23708
22194
23818
24729
22946
23622
23469
22411
23408
24981
22393
22366
23377
23181
25206
23762
25356
25053
25830
22446
22391
23018
26152
25989
22493
24663
22440
24309
22918
24275
25546
26049
25730
26046
24880
24394
22972
23034
25133
22909
22400
24174
23283
22360
25525
25063
22994
22903
25247
25067
23888
25623
24254
24161
24203
23272
23667
23280
24274
24488
22704
22187
24345
22824
25324
24080
24584
22462
24486
23680
24990
22807
24899
23578
23734
23258
25972
25415
25887
22232
22480
22830
23201
22183
22886
23829
25566
23832
25454
25132
24683
23263
24455
25808
23012
22373
23317
23498
23610
22513
25820
24546
22938
23638
23429
22623
22268
22527
24794
24249
26114
25781
22431
23472
25131
24700
25743
24253
23816
22975
22822
22144
25341
24699
24179
24412
25798
24337
25572
23595
24201
26021
23591
23602
22860
22507
23521
25537
23503
23538
25808
24549
24118
24793
23463
24743
25392
23454
23392
22543
25156
23559
24033
22785
25698
23188
24589
22542
25138
24155
22964
24444
23276
23570
22339
24814
24814
24209
23971
24892
22125
23027
23093
23914
24689
22790
25051
25268
25680
26032
25846
22276
23644
24188
22433
24066
23523
26165
24033
22794
25975
24646
23647
22999
23497
24004
25401
23356
25180
25151
24563
22287
23019
23439
22482
22183
24524
22323
23900
23818
25894
25688
25849
25741
25637
23131
24369
23785
22901
22766
23497
22502
24751
24529
24791
24300
25975
25483
23135
24514
24066
25252
22555
23629
25112
24820
24722
22153
24493
25965
25851
24180
23920
25526
23441
25663
25415
26133
25591
24145
25832
24093
23353
25900
22817
22079
24823
22567
25551
23631
25244
24784
22110
24095
23836
23547
25577
25016
25883
25191
25693
23470
25622
22702
24067
22111
25999
25629
25563
22453
22483
24174
24254
22657
23042
23319
24926
22974
23218
24266
23536
24000
24344
22842
23798
25081
23692
25372
23509
23258
24489
23217
24864
24666
23350
24174
24492
25840
23510
23715
24566
25488
25096
23460
24728
24461
25175
24222
24341
24624
24361
24649
23328
25707
24443
24011
25950
23005
22485
24804
24322
24398
23249
22819
23607
23013
24169
22257
25821
24250
25706
24663
25658
23657
24229
22107
23651
25549
23422
24499
22444
24387
22243
23718
22252
25209
24474
24415
25146
24291
25866
22590
23614
23288
23046
25258
23154
23160
22438
23052
22106
23199
24813
24021
23229
25462
24042
24991
23423
22975
22607
22815
24485
22893
23524
25808
23937
24926
22596
22886
22548
23272
24125
23745
22832
23871
24327
22283
24941
25767
25543
25362
22291
25577
24767
23596
24433
22668
25752
25616
24664
23913
22736
24047
24229
24301
24187
23887
26163
24793
23921
24433
23283
25531
25391
26100
25791
24068
22783
24393
22700
22837
25950
24459
25062
24073
24281
24018
24542
22995
23438
25979
22407
25013
22837
24129
23255
24784
25463
23908
24391
22403
24809
25340
24358
24359
22248
23806
22152
23408
24824
24757
22092
22303
25225
24616
23310
25264
25326
24508
22899
25573
24654
24558
25401
24458
25095
25506
23290
23915
25380
24126
25022
24808
24829
23839
23371
25035
24812
24106
24078
22862
24350
23086
25004
23547
22283
22489
23974
24894
24695
23166
22623
25147
22162
25219
24509
22343
22890
24999
22306
24787
23342
23588
23866
24922
22570
25316
25584
23975
24243
22604
25736
25175
22275
25606
25480
25651
25028
23255
24234
24700
22929
24153
23420
24202
25443
23456
25326
23976
24517
22431
22389
22405
23834
25911
23186
25112
23743
25484
24484
25550
24712
23523
23086
22648
22490
25297
25528
23112
22445
24731
23417
24001
23039
22829
24812
24861
25279
23972
22737
24500
25957
24031
25789
23163
24402
23108
23254
25446
25199
22745
22125
25520
23720
23741
22645
25328
24201
25828
23405
22315
24637
25796
22772
23521
23530
24743
22747
24741
25715
23988
22323
24883
25405
22725
22526
25102
23924
24195
22492
23496
22900
22240
24042
23407
23593
24696
24862
24554
25781
25268
25569
25211
23122
25212
25952
25849
26057
22473
24950
25295
23663
25357
23616
23372
24886
26071
23375
26099
26161
22729
25632
22678
23958
23630
24286
22378
24017
24665
24340
26028
24277
24481
22368
25263
26082
23005
22320
22894
23018
22909
23542
23246
25513
22382
24223
23929
25514
23975
22656
23250
23852
24572
23148
23884
22647
25225
25006
25234
25859
22412
25961
23967
24501
23208
24478
23608
22955
23531
23901
24491
22421
23621
22622
23268
22367
22275
24021
24255
23125
25546
23175
25784
23383
24773
23953
25724
24266
23889
24275
22229
22714
25221
24154
23245
22140
23216
22817
25093
24495
23861
24416
22216
23202
24888
22470
25565
22837
24586
24827
23701
25015
26020
23630
26143
23827
22482
23043
24146
25448
23275
24494
23467
25902
25068
24254
25833
23756
25333
23979
22102
22697
25703
24041
24743
23295
25707
23517
25947
24317
26027
22792
23048
25587
23316
23028
24418
25627
25774
25450
25253
25591
25519
24217
22492
23247
22676
25340
23295
23323
24795
23115
22658
22195
23178
24711
22943
23903
23320
22230
23703
25772
22985
23943
24779
22125
22249
24315
24796
22079
23028
22267
24202
23486
23369
26010
24553
24151
23293
24385
25133
25892
23779
23258
22422
25108
23346
22894
24787
25396
26093
23300
22102
22607
25398
24550
25240
23358
26161
22876
22578
23929
23679
22971
22251
25047
24277
24255
22754
23066
24678
25054
22238
23418
22701
23658
24599
22552
25766
24674
24330
23054
24434
23450
23767
24045
23314
23311
26046
24851
24549
25876
24799
22863
25581
22905
26044
23261
22422
22206
25335
23357
25668
24525
23235
23373
24764
23718
24310
22905
22406
22906
25056
23512
24131
23596
23006
24075
23608
24362
22441
25639
22490
24511
22298
23665
23096
23649
23638
22156
22369
22602
24379
25732
24978
22725
22239
24029
23956
22917
23946
23456
22288
23929
23965
24374
24949
24711
25799
25996
25818
22684
23727
23412
22823
22838
25356
24298
23407
24893
25245
25027
23462
24513
23905
23779
22637
25095
23179
23010
24518
24787
25699
22781
22739
24542
23860
22582
25582
24095
25570
25874
25842
22895
24346
23406
23339
24122
23863
23975
22215
24447
22245
22221
23589
23390
23110
24469
22977
23587
23424
24788
25917
25279
23214
24458
25855
23877
25077
26022
23151
22921
23584
25217
24323
23911
24683
25844
24379
24318
23527
22811
23897
22390
23900
23231
23365
22261
24970
23961
22964
24147
22085
25366
25390
23997
26105
25538
22090
22654
25677
25520
25655
22496
24631
22667
22911
22837
22676
25939
25211
23431
25578
22130
25462
24527
24963
24510
25993
24658
24182
23193
24204
22967
23886
23382
23500
25114
23187
23552
22984
24090
25081
23408
23455
24424
25403
25994
23289
22776
25758
22090
23246
25389
22732
24384
24322
23390
25982
22119
25064
22360
23043
24339
25085
22137
23162
24940
23258
24557
23291
25843
24274
25543
24627
24973
25859
22444
25623
23714
24049
25036
22939
24046
22827
22324
23571
25367
23015
24964
24609
22625
25299
22882
23335
23024
24335
22088
23799
23262
22152
22915
22624
24224
22679
22186
23388
22661
24306
22197
25050
26102
24428
25040
25166
24414
22878
22664
24147
25546
24119
25965
25074
24094
25595
26158
22534
23521
25706
25314
23455
22463
24401
24165
25167
24277
23246
23690
25579
23973
25575
25655
23127
23886
24312
24275
24694
23168
24859
22799
24209
22812
23303
24540
24271
23687
23617
23922
25994
23542
24973
24264
25315
26157
24990
25026
22350
24303
23741
25691
25358
23603
22300
22688
22668
25551
24095
22498
23780
23036
25047
23269
23148
24168
24452
26039
25371
25598
23760
24456
22084
25921
23198
25974
22134
24436
25255
26110
25455
23882
22628
25845
22447
23339
22289
23608
22310
24153
24795
25490
25923
22187
22113
24630
23794
25853
24507
24539
24574
25100
24879
24058
23494
22253
25651
22893
24403
23451
25258
23917
25087
23560
22976
23974
22314
24034
23745
22619
24191
22342
24185
24986
24175
25918
25529
23989
24796
24689
24795
25694
24465
24729
24527
22939
22108
25892
22254
22244
24299
23632
23723
23571
23806
25203
24320
22271
23876
25936
23517
22144
22212
23559
24491
23232
25852
22283
23205
26107
24421
23487
23264
23996
24606
22229
23097
25546
25624
22601
23794
25096
23488
24949
26118
26069
23594
23633
23191
24729
23750
23871
25115
24573
25795
24446
24811
24218
23081
23019
25944
23839
24495
25459
22395
24946
22570
22158
23105
24349
25151
23915
25510
22643
25234
22441
24112
24217
22105
22960
24222
25839
24136
24364
22633
24845
23805
23031
24536
22393
22209
22524
22790
22613
22558
23165
25596
23802
25282
24373
26167
24294
23676
22094
23170
24221
22454
22239
24524
23627
24533
24234
25203
25631
24975
24883
24811
25558
25183
26085
24074
26171
23000
22635
25952
23681
23592
22380
24469
26066
25400
24009
24076
22139
23685
22635
25402
25431
25941
25636
24571
25515
24039
25979
24079
22759
23707
25973
23137
25521
22103
25562
24059
25900
22780
24062
25680
24374
24288
26076
23853
23069
25238
23064
23847
22773
23307
24153
25260
23644
23549
24831
24138
23287
24923
23233
23819
25993
23434
23029
23431
23786
22538
22766
26113
22264
24513
22863
23225
22421
25160
25998
24496
24633
24649
22740
22602
23319
24214
22442
24444
22749
25460
23620
25579
22633
23439
24684
23743
25873
24843
23117
22376
23590
22112
24021
23994
22231
25107
26078
22376
23379
26087
23263
24392
22807
25513
23449
24292
24929
23925
22336
25662
24466
22895
24399
25967
25362
23319
24152
23903
23314
22423
24026
23273
24136
23929
24721
24621
22597
22519
23725
25609
25011
22472
24172
25912
23250
22570
24544
23563
25038
23359
25922
23509
25005
25022
25178
24879
25206
23958
24226
24969
25463
24052
22920
23890
24863
22858
25595
23474
22431
24781
25403
25849
25366
25927
24105
23678
26168
24870
24934
25535
25038
23129
24039
25939
22245
22537
22588
24937
24178
24397
24876
24223
25327
23422
23845
24741
25342
25310
24023
24184
22908
25504
23381
22645
22337
22907
23498
25663
25581
22830
22094
25997
22505
23481
25293
24869
24414
23822
24755
22999
24440
23446
23157
23652
22171
23677
22160
25081
25047
25333
23063
23529
23262
23577
25336
22461
22240
24087
23881
23845
26019
24339
24918
23273
23239
24281
22819
25576
26137
22758
22924
22560
24287
23199
25114
25770
25481
25806
24235
22479
23887
24511
22489
22596
24874
23954
25966
22151
23346
23600
23997
23264
25766
23316
25499
22556
24912
25171
23225
25296
23445
22952
23189
26052
26121
25642
22102
25605
22570
24039
23723
25454
25796
24423
23496
23292
23423
24985
22933
25224
24008
23093
23727
25311
25440
22843
22755
23563
25699
25086
26154
22221
23255
25616
22987
26051
24086
24179
22498
23056
23282
22780
25193
24751
22537
25999
24145
23961
24372
22695
25408
25844
22898
23876
23971
24033
23733
23910
23077
24452
23421
22901
24115
23194
22167
25539
22847
26127
25194
24162
23892
22517
23234
23612
24370
22302
22543
25468
23863
23769
23747
22704
25337
24535
22558
22998
22894
22290
25557
25091
23742
22376
24400
24889
23323
23494
23108
23177
22386
24250
23952
22311
24829
25122
24273
26020
24347
22158
26091
23242
23014
22355
23283
24248
26018
25209
26011
24968
23632
23376
25758
22516
25303
24597
23149
25199
22521
23214
22984
24538
24360
25458
23354
23008
25262
24360
22553
22718
23161
23250
25298
23131
23161
24052
23038
24291
25609
25511
23830
22092
22551
23241
25356
26157
23277
25709
25949
25337
26092
22923
24877
25698
22790
24682
22285
22251
25968
22742
24104
24495
25894
23020
24828
24457
22985
25945
25217
25415
25735
22108
23378
22167
25205
22460
23605
23099
24375
26118
23269
22512
22930
23893
22122
23493
22489
24237
23932
23760
24799
23008
25256
23756
24614
25672
25512
22521
22290
25309
26140
23529
22817
22389
23691
24565
26129
22360
25946
22622
22649
25329
26083
25842
23647
24023
26061
25163
23740
24478
23519
22788
25311
24641
24213
22098
23270
25873
23822
23856
26145
24451
23996
24499
24574
24197
24087
24596
24827
24655
23521
23410
22921
25530
24919
23484
23703
25940
26013
23214
25799
24766
24343
22237
23467
24072
25769
23128
23971
24885
24793
22766
24269
22419
23605
23914
22124
24103
24042
24951
22483
24040
22163
25739
25320
23297
23042
23805
23702
24402
25626
23820
22873
22907
26150
24556
24730
25991
24174
23879
24490
22979
25575
25227
24207
22426
23503
22522
25077
25275
23113
23823
24887
23457
25523
23395
25027
26079
23377
22481
25433
23637
22652
22887
24552
23262
24097
24168
23798
23546
24452
23182
25897
22536
23063
24668
22157
24526
24413
23153
22613
25391
24834
23261
23211
22610
23294
24045
24431
23542
25142
22957
23644
23750
25006
25872
23748
24936
22320
22631
24115
23110
25584
25336
23629
24947
22650
22550
23501
25733
25498
26005
22974
24801
25241
24756
25584
26026
23512
24885
25191
24433
23679
24092
22441
25895
22603
23667
23897
25816
24457
25435
22575
23200
24222
24255
25052
26106
25833
23511
22830
22921
23467
24747
25450
22762
24018
25827
25355
22361
24206
24611
23653
24022
22443
24562
22969
23468
23558
25213
23990
26026
22735
25528
25057
23127
23798
23750
24232
24204
25952
23974
23801
22270
25722
23322
24361
24649
25434
22925
24970
25565
25724
23873
23671
23955
25053
22847
23395
22969
22081
24607
26158
24436
25032
23569
22542
22796
25469
24863
22526
24642
24534
24042
23282
22354
25374
22531
25613
23059
25502
24682
24099
25682
22083
24404
24059
24607
23202
24429
23129
23195
22499
22151
23254
23050
23692
23939
23291
22774
24442
22581
24299
23254
23815
23448
23155
22339
25991
25388
25599
24508
24460
23396
23470
25566
26053
22151
22896
25352
24557
23181
22624
23630
23373
23142
23761
25817
23068
22486
24392
24180
22546
25383
25195
22122
25366
25461
22455
26145
24868
24029
24186
22925
23070
22487
24786
24605
23859
22231
25178
23488
25501
23934
23579
24394
25200
22820
23045
23461
23615
22797
24438
24875
23250
23260
23717
22383
23204
24922
25512
26028
26068
24573
24423
22131
25606
25529
23228
23281
24402
23631
23178
23511
25715
23597
24599
22397
22719
26135
23565
25696
26079
23941
22986
23281
24203
24007
25832
23661
23519
24492
25467
23080
22953
22905
24392
25041
24667
23291
22664
26019
22577
22904
24190
24282
25498
22483
25942
22894
24766
23309
23022
24319
22940
24700
24423
22322
25523
25048
24187
24137
24526
22483
24713
23148
23677
23932
25340
25037
25436
22457
24380
26148
23220
22185
22861
23492
25215
24559
24028
23866
22441
22607
22108
22375
23288
23659
22862
25841
24939
25348
23173
24712
24826
24468
23110
24389
22235
22724
23393
22145
24378
25339
22875
25687
25374
25350
24534
25196
25373
25769
25444
23997
24649
25812
24691
24990
24010
22635
24926
25950
22812
25463
25792
24980
22801
24109
25039
26068
22784
23756
22110
23027
22948
25669
25437
23255
22202
25778
22298
24166
22440
24815
25176
22542
22880
23959
26063
24156
22297
23401
22823
23533
25304
23602
22213
22941
25032
22331
24389
23305
23590
25195
24062
24888
26137
24821
24535
22107
25125
22387
23731
26065
25297
25016
23699
23438
22204
22264
23889
22499
23357
23191
25654
24283
24664
23728
26150
23338
22363
23839
24208
24489
25079
22759
23022
23750
23116
24126
22283
22103
23520
24046
23878
22553
22577
24587
22485
23110
22228
23247
23771
25262
24431
22911
23586
22389
23723
23287
25879
25586
25760
24941
24414
22640
25867
25971
23697
26123
23498
24173
25236
23705
24967
25010
24827
24570
23419
26079
24185
22694
24458
23043
26085
24117
23292
23125
24154
24466
22847
25391
25095
23593
26098
25689
22342
22983
22363
25625
22093
24916
24744
25398
25399
23985
23213
25181
23921
25629
24718
22670
24490
23985
24796
23523
22089
25795
25313
23938
23903
22172
24795
22700
22757
22081
22470
25459
24129
23598
25675
22461
25325
24183
24576
23580
23821
24635
26053
26143
25453
25248
23921
24086
24382
25426
24993
24126
22687
23067
24217
25232
24361
23349
22607
25748
24571
24227
22379
23508
25379
23261
24377
22871
23483
22268
24941
22460
22835
24193
23268
22883
24738
22147
22175
23328
25912
25947
24977
26085
25589
23846
26141
22286
24424
24570
23198
22266
23922
23980
25104
22718
22441
25239
25952
22578
26070
24114
23535
25295
25770
25535
23129
24343
24592
25592
24975
24859
23847
25059
22915
23767
23550
22430
24569
22232
24015
23510
23639
22090
24558
25843
22154
25528
25213
25507
23082
23242
25286
25506
22464
22783
24885
24090
23739
25063
22851
23252
26032
25114
22755
23270
22975
25856
24656
23803
22234
23695
24046
25812
23279
24320
22175
24611
25213
25958
24306
24478
23340
23866
24827
24438
23959
25543
26146
24285
25495
24901
24054
25676
22757
23837
23905
25338
23517
26087
24183
23517
24954
24928
22759
25986
23436
26065
22907
22522
26070
25607
23880
23703
24028
25338
23525
22187
22286
23515
23851
23000
22691
25707
24349
25844
25278
24496
25903
24659
25041
23991
24223
23791
23263
23902
23383
23187
23638
25431
24303
23677
24365
25971
24783
24612
24712
26013
23069
26102
23883
22518
22131
25597
24012
22496
22933
23379
23401
22443
24075
23682
22139
24983
22250
25512
23538
22096
22302
25358
25566
22715
23246
23086
24456
23765
25431
26108
23196
25819
24343
22148
23315
23934
25956
22150
24126
24414
25934
24611
23272
24194
23509
24861
23530
23798
22718
23989
24419
24578
25114
24725
24795
23694
23321
22341
22441
23767
24816
22732
23032
22389
23639
23378
23227
24564
25164
23499
23882
26158
22522
22734
23069
24227
25994
23762
24043
24836
25315
25530
24756
24390
22410
22578
23476
23685
23510
25834
22450
26172
23685
22487
22228
23187
23960
25042
22398
25358
23213
24921
22161
23467
25563
24981
25132
24482
22288
24249
24621
22296
24621
22618
23395
25879
26108
24363
25458
23674
25971
24137
24942
22497
23428
25764
24794
24905
23724
25263
23841
22118
24286
22448
24035
22435
22340
25736
23914
22760
24738
23133
24491
23782
22911
22775
23208
24688
24773
24467
24749
22263
23596
23081
22438
24454
22751
25251
25001
22204
24294
24488
22519
22926
26126
24564
24685
22447
23771
25612
26105
24062
22648
25535
24830
22635
24803
23869
23356
24983
24797
25974
25981
23715
24925
22545
23592
23186
25526
22666
23035
23161
22394
22324
25784
23181
22924
24721
25630
24470
23646
24096
22140
25491
22244
25340
24941
25928
22703
22493
23100
25858
25267
23975
23084
25945
25381
25478
25170
25119
24475
24200
25331
25543
25675
24359
24533
26052
22641
24556
26063
23392
22968
23400
23135
23339
23086
25068
22297
26045
23727
26010
25853
26115
22277
23020
24772
24164
23353
25010
24010
24593
26108
24651
24312
24565
24738
23365
22727
26129
22101
22777
23505
23267
25880
24019
23891
25929
25815
23913
24435
25212
22293
23915
22932
24240
25433
23742
25873
23827
24506
25347
25262
23844
25078
23613
22901
25742
25982
22270
23547
25819
23261
22226
25944
26171
23427
25427
23555
24690
23993
25656
25325
23390
23934
24959
22107
22669
25075
23599
22739
23501
25998
24924
26007
24100
26113
24931
25711
23171
26077
22997
22806
23040
25162
22758
22871
23438
22160
25398
25372
23461
24669
22488
24437
26049
25323
24148
23120
23016
24999
24533
22501
23555
23227
25164
23372
22732
22302
25478
23551
25408
25315
25942
24217
23505
24023
24601
22427
24397
23516
24439
24459
24893
23942
23654
24102
24013
22101
23252
25825
22669
26041
25532
22172
26095
23519
25878
22953
24401
24408
22380
25727
22212
23112
26014
23843
24325
25296
25041
22678
23964
24058
26109
24533
23784
22749
22652
24218
22277
25307
22459
26134
22718
25902
25515
24749
22434
25019
25426
22183
25849
24177
25839
23135
25235
25962
24795
25688
22482
23295
25437
23769
22383
23599
23715
25213
22295
23390
25871
23123
23071
24759
24841
24083
23789
23634
24422
23676
22111
25008
25016
22747
22718
22319
22123
25225
23497
23225
22891
25854
22339
25750
23960
24001
25844
24894
26080
26026
22337
25238
23926
25021
22289
25942
24007
24147
22173
23541
23104
22163
23864
23905
24399
22374
23001
24686
22668
23351
23833
23777
22947
24510
23989
25201
23629
23870
25845
26106
23924
22698
25461
24682
24505
24432
25633
24562
24093
22589
25855
22858
22412
25854
24160
25279
26157
23015
25979
22535
23247
23064
22610
23433
22501
22490
23213
23623
23844
25990
23696
24003
23225
23439
24544
23626
23898
22122
24099
24538
23992
23891
22134
23918
24256
22143
25217
23709
22844
22605
22366
23928
24198
23994
25962
25084
25902
24052
23275
23962
24638
22807
22448
23156
24088
24184
24704
24487
22609
24525
22753
24234
25158
24551
22392
22308
23137
25018
22607
25069
22366
23393
23011
22171
22767
23985
25262
22868
23571
26053
23191
22312
23007
25421
22622
22734
25651
25299
22184
23468
22133
24782
23904
25238
23622
25679
25403
22666
26011
22285
25908
22261
22954
23544
26037
23719
24440
22944
26050
26002
25225
24964
25566
23876
23991
22559
22360
25320
25233
22929
24839
25327
24391
25813
23683
24189
22147
23664
25461
22774
24327
23943
25869
23354
25433
25577
25036
24094
23801
22847
22972
22578
22719
26132
24462
23007
25811
25527
25514
24354
23147
25670
24414
24164
24175
24375
23776
25212
26156
23769
24515
25560
22788
22133
23152
23455
25252
23847
25788
24051
23580
23878
24649
24303
22778
22215
26150
23150
22792
23283
25399
24783
22154
26039
24206
23417
24553
24122
23517
23149
23350
23064
24495
22955
26128
23119
24055
24860
24478
25149
25023
25432
23433
24301
25471
25833
22638
22666
23550
24831
22379
23272
25079
22395
23734
24538
23046
23319
25752
22225
23859
24144
24459
22752
22613
24159
23703
23242
24431
25089
24110
24145
23680
23007
23516
24554
24761
24436
22230
24612
22125
26036
24338
22899
25353
24092
23901
22474
23382
25423
23796
22140
23401
25636
22901
24194
23649
23539
26009
24997
25963
24506
23344
23848
26062
24932
24575
23350
24242
25474
24036
25829
22467
25209
25309
25805
24310
24049
25400
24424
23375
24226
24108
25541
22290
23760
22220
24963
24151
24355
23496
25079
23334
23078
24094
23211
23851
24383
24326
25037
22856
24413
25304
23377
24968
22529
22138
25524
22131
23504
25443
23711
24694
23697
24390
23995
22409
22198
24998
22598
24324
23334
23831
22207
25596
23307
23160
25372
24839
23783
24563
24489
25157
24637
25711
23229
25629
23183
24627
26040
24155
22766
23946
25392
24941
24471
23155
23528
23238
23542
24281
22887
24011
26000
22997
25296
22975
23222
23623
25597
24207
22392
24212
22842
25496
24315
23581
23114
23878
25224
23371
25084
25755
25370
23579
22760
24923
24776
23212
24018
25835
25611
23887
23617
22505
22994
25657
25282
23510
23831
23451
23275
24680
24822
22422
22869
23656
24655
24083
24928
23119
24005
25025
22974
23445
25905
25510
25421
25381
23645
24216
23622
24679
25162
26120
22855
22942
22405
24974
23319
24762
25402
23105
26036
24809
24806
23207
25888
25304
22269
22886
22831
26172
24059
25391
25829
23854
26047
25449
22810
22395
25279
22552
22488
24452
22290
23732
22649
23863
25292
23063
22663
22110
23094
25747
25312
22587
25190
23078
22988
25487
24487
22138
22902
23315
23006
24463
25867
23009
22588
25917
24652
24001
23029
23069
23071
23050
24126
24475
25335
23633
25720
22322
24653
24228
23410
24941
25014
23699
25837
23282
23765
24915
22302
22835
23461
24797
23458
23461
25554
22502
23741
23803
24999
25736
23452
23212
25802
23861
24970
22724
25157
24107
22901
26078
24992
25829
23866
25329
25064
25486
23679
25672
23717
22139
25359
24378
22958
24376
25334
23555
25527
25827
24402
23019
25630
22471
22145
25121
25131
24174
22170
23089
24563
22919
25393
25912
25102
22687
25175
25753
25486
24713
25112
24478
24419
25075
22530
25147
23902
23432
25558
22994
24343
25635
23030
25812
24464
25264
23880
23591
26056
22909
24197
25058
22472
25097
22559
22247
24729
24756
23079
23741
22278
22263
25404
23188
25954
23401
22099
25765
25017
22775
22175
24365
23095
24497
24679
24905
24061
24237
22491
26091
23133
24332
22809
22788
25395
23502
25262
24263
26032
23479
24429
23709
23870
22104
24831
25145
25843
24286
23163
25551
25092
23095
22484
23269
24396
22927
22147
24111
22531
25666
25040
24310
25570
22764
24543
24927
24091
22492
25074
25714
24488
23669
23511
24391
22579
24072
25226
22790
24189
24753
23993
22585
23063
24479
22859
23446
25668
22363
22831
25585
22406
22886
23590
23311
24271
25790
23645
22903
25848
22176
23034
24495
22807
23988
25300
23478
22996
23692
25025
25060
23407
23346
22143
25691
26023
23083
24554
25635
25804
22377
25533
26044
22237
25338
23418
24040
24587
22565
24764
22540
25477
22140
25096
23992
24846
24616
26152
24845
25733
23931
24145
25584
23560
24020
22136
25949
24906
26151
22504
22942
22124
23990
24000
24746
24655
25869
22873
24472
26098
24282
24259
24495
22331
25767
22438
23477
25230
23656
25350
23437
23438
23532
23549
22404
23177
24603
23682
25224
23353
24546
24157
25340
22244
25982
23397
24110
24656
24778
25488
23284
25828
23513
25398
24100
23851
23742
23385
23161
24232
24275
25616
24409
25175
24734
25280
22486
22693
24619
25653
24140
24496
25577
22445
23231
23663
24309
23697
24545
25225
22512
23787
23362
23506
22342
22366
23065
25511
22821
25277
23800
24605
23810
24429
24001
23876
25715
24373
25298
24795
25079
25930
26002
24182
23093
23342
23739
26143
25356
24155
25687
25240
22681
23635
24468
24984
24562
24822
25895
22797
25059
22603
22888
23282
24835
22904
24566
24654
23674
25456
22760
22377
24397
25534
24182
26004
23256
25951
22596
23272
24281
23228
25009
23971
24535
23855
23270
26162
23914
25512
23502
23560
24242
23152
22381
22843
23863
24560
23687
24987
24026
25687
23678
22237
23127
24658
23473
25529
23610
22292
24161
23214
22515
22239
23385
24791
23397
24391
24405
24618
23207
23933
25907
23663
25957
23562
25017
24353
22771
24824
24898
26150
23579
23636
25391
25482
22932
22928
22695
22863
25465
26054
25494
23933
22783
25990
23863
23260
25606
22514
25919
25000
23189
23200
25128
23076
22878
25917
26149
23150
25211
25731
22894
25493
22727
23141
25798
23162
23416
22447
23544
26149
25557
23351
23980
25765
25497
26003
24269
22775
25474
24322
25662
25210
22195
25210
24304
25965
23913
24934
25459
24209
24317
24305
22666
24746
25575
24861
23383
24539
25787
24951
22302
23312
24303
26078
26129
22770
24517
25148
25146
23161
24812
25359
22664
25655
24192
23132
25113
24305
25350
25075
23629
23155
23194
25395
24024
25980
23701
22904
25521
25372
24519
23146
25953
22871
26120
22649
22443
23599
23917
25589
25439
24151
25377
25970
24455
24629
22850
25233
23598
22870
22982
23495
25951
25338
26164
24175
25403
22607
24455
24139
23869
22774
24418
24686
23750
25187
22276
23192
24624
22770
24587
24223
22776
25934
23993
23676
23342
23160
25261
22882
22653
25955
24344
22575
26004
22377
23214
23577
23622
24990
22988
24883
23016
24516
23372
24768
24077
22789
24381
22474
24887
24935
25926
25541
25613
24192
25667
25493
23805
23584
24204
22582
23758
26092
24702
26005
22193
24107
22253
25305
22426
23203
25633
22416
23930
24534
24820
25429
25783
24327
23481
24638
23783
24965
23910
24527
24633
23523
22502
23091
23386
22928
22307
26133
22987
23997
22882
22106
25819
22412
24538
22197
24039
23441
22523
23182
24320
22753
22266
23655
26050
22765
26071
23093
22673
23788
25084
24083
25854
24051
22763
25588
23998
24058
23530
26056
23030
24671
25087
24933
24191
23286
25337
22392
25394
24120
23704
22653
22624
24992
22461
23941
24853
22864
22184
23883
23563
24386
25177
25618
24903
22330
26015
23008
24321
24177
25659
22248
25264
25226
25525
25386
26019
22797
24843
25053
25890
23848
22441
25673
25727
23543
26084
25801
25147
25772
26012
22609
25063
24120
25590
25817
24952
22906
23302
22652
23718
22481
23854
26001
25630
22470
25757
23340
23776
23268
25651
24391
23538
25204
23886
25918
25026
24570
22986
23546
23969
24419
22663
23873
22383
22204
25340
24406
23352
22433
25785
24889
26001
24275
23260
23105
22638
25939
23008
24016
23317
25013
23334
26094
23323
22936
24573
22247
24918
24741
25179
23159
25353
24440
25560
25404
23417
24044
25110
24662
24056
25924
23707
23278
23485
25136
22329
23047
25705
24550
22305
25834
22660
22596
23519
22264
24397
23945
25170
22944
22200
22431
26052
25333
23679
23228
23208
26013
24493
25330
23264
24557
25978
26104
23403
24271
25591
22502
25390
22145
22391
24321
24141
23894
24563
24552
25357
24879
24989
23324
25271
25042
22262
22274
24341
26078
24176
22114
24005
25568
23024
23585
23645
25505
26157
24054
22494
23822
25971
24213
22106
23931
23407
22633
24638
22997
24630
25984
25500
24618
25584
24095
24436
22934
23234
23115
25094
24250
22678
22939
23981
25290
24378
22763
23850
23499
24463
25250
22450
22657
22877
24105
24045
23055
25772
25208
23764
24560
22874
23250
22271
23599
25373
25741
22136
23966
23731
25873
22328
22380
25541
23435
22695
23353
23229
24675
23053
22247
23866
22783
24204
22843
23497
22150
24266
25250
25026
25965
24574
23727
23755
23649
23783
22608
22239
23371
24936
24717
23156
25458
23987
25681
25751
25590
23365
23122
22292
25690
26095
24285
25258
22210
24393
23454
23424
24357
25571
23383
23733
22702
22502
24040
24583
24247
23569
26031
24687
24574
23401
23028
25426
23140
23609
22419
22897
23367
24740
25013
25344
23586
23205
23473
24371
25103
23386
24683
22897
23155
24041
25533
22758
25848
23941
22710
23583
24343
24855
24813
23989
25343
23505
25538
23053
22191
24265
24345
23390
23015
25555
22680
24412
22965
22587
24441
23897
25176
24816
24106
22782
24560
25950
22729
25762
25368
23251
25899
22999
25405
24502
25859
25788
24995
23005
24119
25338
24028
22871
22220
24038
22817
23580
22814
24547
22143
26039
23464
24596
24181
24366
24050
24524
25523
22486
25380
22757
23742
22268
24559
26131
22687
25173
22260
22260
23661
23184
24015
26084
24187
25713
25801
24396
25214
24657
25256
23314
25832
24444
23411
22479
24190
25209
24172
22501
24145
23227
22722
22780
23494
22609
23655
24479
26087
22705
22991
24549
25329
24940
23356
23558
24316
24607
23859
22725
24619
22308
22933
22504
24400
23251
22543
23616
23290
25991
25297
23286
25519
22782
23393
25254
23218
25466
24271
22961
23074
22982
23707
22461
26150
24919
25417
25075
24246
25726
24602
23627
24020
25319
26050
25071
23107
24537
22327
24960
23565
24930
25143
22225
24195
25756
22968
24155
25646
23470
25332
22235
23741
25336
23386
23992
22222
23314
22546
22232
25961
23788
23457
22539
26062
22241
25630
22276
24491
24871
23188
22131
23458
24278
22811
23421
25456
26090
24173
24313
25591
25162
22378
24079
24027
22703
24003
24062
22181
23840
24427
23370
25195
23965
22413
25619
25495
25457
22112
22132
26074
25916
24567
25304
25407
25714
22387
23460
24095
23450
25014
25109
26143
22487
24416
22852
22110
25847
22831
24197
22438
26099
25909
25425
24300
24662
23105
25325
25557
22624
25021
25258
22495
22863
25640
23216
23901
22182
25182
23609
25629
23338
22404
24316
22220
23229
25667
25392
22191
22750
24042
24466
23687
24838
22364
25978
23682
22222
26089
24986
25382
25422
24884
24735
23495
24988
23771
23349
25848
22807
25521
25845
25151
24510
24455
22745
25323
22497
24904
23206
22657
23492
23196
23772
22639
23142
23089
23096
25631
22192
22893
22565
24205
24662
25526
22682
24295
22970
24165
23743
25884
23984
22840
24379
24234
23855
22610
23443
22610
23378
22712
24430
24017
23486
22691
23297
24202
23071
26069
23765
22571
24022
24459
22568
25691
23449
23572
25417
22630
25006
22987
25102
22970
25990
25928
22755
22543
23314
23100
24244
25784
24221
24311
22086
24911
23837
24247
23087
25516
22609
22281
23406
25408
24717
24900
24123
25064
23818
25185
23960
26166
25099
23350
22723
24266
24233
24231
24403
25844
22752
23431
25827
22165
23382
24356
25414
22110
23310
24678
25829
23499
23397
24259
26123
22696
23072
25129
25043
22225
23852
25379
22195
24406
22766
23634
22501
25070
22454
24959
26055
25780
23667
24238
22941
23734
22454
22489
24327
22440
22203
23993
24491
23581
22500
25498
24342
25533
23156
25363
25747
24886
25144
24270
24351
25839
23193
25395
25075
24499
23511
23953
24227
24311
25136
25455
25561
22261
22995
23452
25865
22981
22526
25094
23413
23153
24823
24263
23788
22787
22922
24822
25063
25045
24839
23437
23574
24006
25134
25104
25594
22291
26095
22343
24975
25919
23836
25788
25951
25843
26012
25108
24837
22777
23960
22188
24640
23659
22854
24463
22159
25815
25975
22185
24821
22687
23928
25159
25349
23450
25043
22596
25838
25876
24191
22377
22388
24298
22124
23221
22946
22333
23951
22503
25608
23153
23669
24494
25737
22816
24441
22986
22078
23644
25250
22881
25382
26092
22776
25058
23842
22329
24974
24656
22125
22795
24013
23453
23398
24210
23938
23013
22291
24196
25414
23866
24342
23434
24442
24573
26062
22343
25619
25571
22759
23901
23675
23603
25447
23326
25530
23889
26100
25165
24523
25502
25786
25110
22941
26102
23455
23991
22894
25425
24153
23797
26155
22387
22504
25167
23012
26133
23994
24155
25372
23291
23982
24039
25698
24193
22540
23029
23792
23480
23328
22434
25259
25969
22192
24619
26118
23735
22726
24190
22123
25808
23429
25578
25619
24450
25837
23937
25255
23356
24693
22322
22737
24339
22245
23776
25134
23685
24981
25757
25036
22780
23827
22944
25831
22238
23875
25752
22110
23351
26061
23629
22492
22531
25515
26144
23069
25851
24431
25601
22951
22348
23857
22945
24289
22194
22569
24783
25858
24030
23453
23981
24168
25976
24259
25446
22740
25979
25767
24195
23532
24589
22555
23081
22484
25558
22408
22096
25320
22814
25869
25967
25528
23997
23533
24220
24283
23134
22715
23161
24831
22499
23343
22742
23858
26110
26165
22826
22342
23334
25226
24574
22295
24755
22520
25550
22172
23363
24975
22502
22679
25433
25328
22920
23857
24305
24563
24606
24449
22709
24922
24661
25326
23446
24557
22863
22241
25577
23152
22230
24335
24093
22554
23508
26123
25884
24447
24032
23244
23939
22482
24287
25302
24374
23322
24695
22665
22520
22747
22803
22356
25726
24186
25868
23546
22228
22094
25419
25222
23870
26163
24805
22272
25027
24536
25311
26082
22938
23753
26015
24968
22324
22950
24533
22709
23955
24653
25790
24126
24864
23879
25194
22925
25865
24092
24493
25882
25531
24887
23500
22191
25697
22123
26069
23090
26003
24731
22709
25047
24461
24093
24413
24350
24537
24817
24551
24241
25147
23146
22136
24142
24755
24775
22596
22864
26101
24790
25555
23796
22916
24998
22490
22312
24461
23164
23089
23445
25820
23133
24533
25779
24120
22137
23203
24050
24091
25543
25845
22904
22225
24542
24461
24173
22844
24923
26089
22477
22399
23215
23151
22955
23320
24870
23853
22291
23429
25658
23688
25733
22618
22267
23984
22078
24319
22961
23633
24162
25192
24575
25514
23091
22633
24046
25583
23382
22626
22226
22362
25873
24129
24539
22090
22235
22630
25821
25064
22456
22243
22591
25562
25763
25881
23583
25983
23929
24946
24252
25595
22561
23327
24845
